{"duration": 0.10327363014221191, "input_args": {"X": "array([[0.        , 0.9588961 , 0.9644188 , ..., 0.99968662, 0.99983149,\n        0.99999641],\n       [0.9588961 , 0.        , 0.683197  , ..., 0.99998219, 0.99831926,\n        0.99955343],\n       [0.9644188 , 0.683197  , 0.        , ..., 0.99999772, 0.99990163,\n        0.99957636],\n       ...,\n       [0.99968662, 0.99998219, 0.99999772, ..., 0.        , 0.660034  ,\n        0.9853864 ],\n       [0.99983149, 0.99831926, 0.99990163, ..., 0.660034  , 0.        ,\n        0.9868314 ],\n       [0.99999641, 0.99955343, 0.99957636, ..., 0.9853864 , 0.9868314 ,\n        0.        ]])", "min_samples": "2", "alpha": "1.0", "metric": "'precomputed'", "p": "None", "leaf_size": "40", "gen_min_span_tree": "False", "**": "{}"}}