CHISQ,CHR,DF,END,F_A,F_U,HAPLOTYPE,LENGTH,LOCUS,P,SIZE,SNPS,START
14.27,14,2.0,95007657,,,OMNIBUS,10162,14:94997495-95007657,0.000795,2.0,rs4905214|rs11623139,94997495
15.72,14,3.0,98815286,,,OMNIBUS,26880,14:98788406-98815286,0.001293,2.0,rs7148865|rs7152787,98788406
17.8,14,4.0,65446357,,,OMNIBUS,10482,14:65435875-65446357,0.001352,3.0,rs11846925|rs4499147|rs4310777,65435875
17.12,14,4.0,98821528,,,OMNIBUS,33122,14:98788406-98821528,0.001828,3.0,rs7148865|rs7152787|rs7156559,98788406
14.04,14,3.0,24140597,,,OMNIBUS,14711,14:24125886-24140597,0.002849,2.0,rs222626|rs7153970,24125886
16.65,14,5.0,100341430,,,OMNIBUS,64723,14:100276707-100341430,0.005206,3.0,rs10141863|rs7160423|rs1191121,100276707
10.31,14,2.0,74275989,,,OMNIBUS,11365,14:74264624-74275989,0.005772,2.0,rs8013774|rs17182607,74264624
15.97,14,5.0,44397890,,,OMNIBUS,62553,14:44335337-44397890,0.006935,3.0,rs12434045|rs2208774|rs1957480,44335337
12.01,14,3.0,74293531,,,OMNIBUS,28907,14:74264624-74293531,0.007338,3.0,rs8013774|rs17182607|rs8018644,74264624
11.86,14,3.0,65441561,,,OMNIBUS,5686,14:65435875-65441561,0.007886,2.0,rs11846925|rs4499147,65435875
15.56,14,5.0,24155367,,,OMNIBUS,29481,14:24125886-24155367,0.00823,3.0,rs222626|rs7153970|rs7141385,24125886
20.44,14,8.0,100350017,,,OMNIBUS,73310,14:100276707-100350017,0.008782,4.0,rs10141863|rs7160423|rs1191121|rs3783324,100276707
11.62,14,3.0,104484646,,,OMNIBUS,87610,14:104397036-104484646,0.008804,3.0,rs10467890|rs11851097|rs12589669,104397036
20.93,14,9.0,100365357,,,OMNIBUS,88650,14:100276707-100365357,0.01296,5.0,rs10141863|rs7160423|rs1191121|rs3783324|rs1191090,100276707
22.34,14,10.0,99565285,,,OMNIBUS,56050,14:99509235-99565285,0.01347,7.0,rs1257687|rs7141243|rs11625680|rs807363|rs2029614|rs17631503|rs11850349,99509235
10.57,14,3.0,44369532,,,OMNIBUS,34195,14:44335337-44369532,0.01432,2.0,rs12434045|rs2208774,44335337
12.17,14,4.0,74332478,,,OMNIBUS,67854,14:74264624-74332478,0.01614,4.0,rs8013774|rs17182607|rs8018644|rs12588108,74264624
10.15,14,3.0,78968484,,,OMNIBUS,162311,14:78806173-78968484,0.0173,2.0,rs214005|rs368692,78806173
8.014,14,2.0,23539133,,,OMNIBUS,23758,14:23515375-23539133,0.01818,2.0,rs11845708|rs8006767,23515375
14.83,14,6.0,98830005,,,OMNIBUS,41599,14:98788406-98830005,0.02161,4.0,rs7148865|rs7152787|rs7156559|rs1026504,98788406
15.45,14,7.0,61737137,,,OMNIBUS,44182,14:61692955-61737137,0.03067,4.0,rs6573374|rs1954010|rs11158335|rs2211211,61692955
12.22,14,5.0,20528528,,,OMNIBUS,39135,14:20489393-20528528,0.03183,4.0,rs9919950|rs10484220|rs2792162|rs2775254,20489393
8.779,14,3.0,44507227,,,OMNIBUS,35552,14:44471675-44507227,0.03238,2.0,rs10151399|rs1955969,44471675
13.57,14,6.0,97343323,,,OMNIBUS,94310,14:97249013-97343323,0.03484,4.0,rs4900345|rs10135283|rs4900348|rs736929,97249013
14.88,14,7.0,74523869,,,OMNIBUS,259245,14:74264624-74523869,0.03751,6.0,rs8013774|rs17182607|rs8018644|rs12588108|rs3784039|rs3742809,74264624
14.76,14,7.0,95894578,,,OMNIBUS,22715,14:95871863-95894578,0.0392,4.0,rs17111972|rs1187760|rs1187754|rs1187751,95871863
11.66,14,5.0,78993170,,,OMNIBUS,186997,14:78806173-78993170,0.03979,3.0,rs214005|rs368692|rs12882387,78806173
15.93,14,8.0,61755153,,,OMNIBUS,62198,14:61692955-61755153,0.04335,5.0,rs6573374|rs1954010|rs11158335|rs2211211|rs12437296,61692955
11.2,14,5.0,95892341,,,OMNIBUS,20478,14:95871863-95892341,0.04749,3.0,rs17111972|rs1187760|rs1187754,95871863
6.033,14,2.0,59894256,,,OMNIBUS,31632,14:59862624-59894256,0.04898,2.0,rs1755700|rs1253171,59862624
11.11,14,5.0,59384953,,,OMNIBUS,119228,14:59265725-59384953,0.04932,5.0,rs732602|rs2013084|rs7141732|rs380375|rs85425,59265725
7.838,14,3.0,34782336,,,OMNIBUS,27619,14:34754717-34782336,0.04949,2.0,rs11624983|rs12437203,34754717
13.99,14,7.0,68878936,,,OMNIBUS,92149,14:68786787-68878936,0.05133,5.0,rs9323505|rs11628653|rs8014025|rs12889770|rs7359088,68786787
5.901,14,2.0,44829276,,,OMNIBUS,148130,14:44681146-44829276,0.05232,2.0,rs10047931|rs7143770,44681146
15.34,14,8.0,59431448,,,OMNIBUS,165723,14:59265725-59431448,0.05287,7.0,rs732602|rs2013084|rs7141732|rs380375|rs85425|rs6573229|rs7155136,59265725
24.66,14,15.0,100398318,,,OMNIBUS,121611,14:100276707-100398318,0.05474,6.0,rs10141863|rs7160423|rs1191121|rs3783324|rs1191090|rs7157261,100276707
5.781,14,2.0,94797293,,,OMNIBUS,1801,14:94795492-94797293,0.05554,2.0,rs4905179|rs746530,94795492
7.482,14,3.0,34260635,,,OMNIBUS,220053,14:34040582-34260635,0.05802,2.0,rs7143076|rs1958058,34040582
22.94,14,14.0,24196665,,,OMNIBUS,70779,14:24125886-24196665,0.06129,5.0,rs222626|rs7153970|rs7141385|rs10149590|rs12890058,24125886
7.342,14,3.0,54861808,,,OMNIBUS,58043,14:54803765-54861808,0.06177,2.0,rs10150369|rs8007223,54803765
20.15,14,12.0,95906321,,,OMNIBUS,34458,14:95871863-95906321,0.06439,5.0,rs17111972|rs1187760|rs1187754|rs1187751|rs9671369,95871863
7.213,14,3.0,83546414,,,OMNIBUS,38691,14:83507723-83546414,0.06542,2.0,rs17678909|rs9323731,83507723
8.818,14,4.0,97277874,,,OMNIBUS,28861,14:97249013-97277874,0.06583,3.0,rs4900345|rs10135283|rs4900348,97249013
8.791,14,4.0,103987140,,,OMNIBUS,128467,14:103858673-103987140,0.06654,4.0,rs3783394|rs12885234|rs17617994|rs2071407,103858673
11.74,14,6.0,74489735,,,OMNIBUS,225111,14:74264624-74489735,0.06809,5.0,rs8013774|rs17182607|rs8018644|rs12588108|rs3784039,74264624
11.64,14,6.0,73832573,,,OMNIBUS,399123,14:73433450-73832573,0.07054,4.0,rs17569474|rs12931|rs955329|rs4903110,73433450
15.79,14,9.0,74541484,,,OMNIBUS,276860,14:74264624-74541484,0.07137,7.0,rs8013774|rs17182607|rs8018644|rs12588108|rs3784039|rs3742809|rs765719,74264624
12.97,14,7.0,59400491,,,OMNIBUS,134766,14:59265725-59400491,0.07278,6.0,rs732602|rs2013084|rs7141732|rs380375|rs85425|rs6573229,59265725
5.24,14,2.0,37430306,,,OMNIBUS,6740,14:37423566-37430306,0.07282,2.0,rs2022720|rs7150942,37423566
12.82,14,7.0,101533288,,,OMNIBUS,34805,14:101498483-101533288,0.0767,3.0,rs8018238|rs10132916|rs8015875,101498483
15.51,14,9.0,98841680,,,OMNIBUS,53274,14:98788406-98841680,0.07778,5.0,rs7148865|rs7152787|rs7156559|rs1026504|rs1952876,98788406
16.74,14,10.0,24194104,,,OMNIBUS,68218,14:24125886-24194104,0.0803,4.0,rs222626|rs7153970|rs7141385|rs10149590,24125886
8.267,14,4.0,104006693,,,OMNIBUS,148020,14:103858673-104006693,0.08226,5.0,rs3783394|rs12885234|rs17617994|rs2071407|rs9324063,103858673
23.07,14,15.0,24200567,,,OMNIBUS,74681,14:24125886-24200567,0.08272,6.0,rs222626|rs7153970|rs7141385|rs10149590|rs12890058|rs7160035,24125886
6.68,14,3.0,73569475,,,OMNIBUS,234306,14:73335169-73569475,0.08284,2.0,rs2192594|rs1990059,73335169
4.961,14,2.0,29224833,,,OMNIBUS,21830,14:29203003-29224833,0.08369,2.0,rs7143611|rs730195,29203003
11.01,14,6.0,97568248,,,OMNIBUS,179079,14:97389169-97568248,0.08802,3.0,rs1885159|rs2747075|rs12883541,97389169
8.09,14,4.0,79443296,,,OMNIBUS,54865,14:79388431-79443296,0.08833,3.0,rs31349|rs31437|rs8012310,79388431
12.37,14,7.0,22069779,,,OMNIBUS,21696,14:22048083-22069779,0.08892,4.0,rs10136774|rs1547396|rs17182599|rs10140287,22048083
4.723,14,2.0,40312300,,,OMNIBUS,2804,14:40309496-40312300,0.09427,2.0,rs10138910|rs1957210,40309496
6.333,14,3.0,95038922,,,OMNIBUS,50926,14:94987996-95038922,0.09649,2.0,rs8004587|rs12895360,94987996
12.12,14,7.0,68871549,,,OMNIBUS,84762,14:68786787-68871549,0.0968,4.0,rs9323505|rs11628653|rs8014025|rs12889770,68786787
9.299,14,5.0,21244696,,,OMNIBUS,41537,14:21203159-21244696,0.09771,3.0,rs9671539|rs762039|rs1885318,21203159
9.168,14,5.0,20518618,,,OMNIBUS,29225,14:20489393-20518618,0.1025,3.0,rs9919950|rs10484220|rs2792162,20489393
15.82,14,10.0,61781981,,,OMNIBUS,89026,14:61692955-61781981,0.105,6.0,rs6573374|rs1954010|rs11158335|rs2211211|rs12437296|rs17098207,61692955
7.619,14,4.0,50234577,,,OMNIBUS,98860,14:50135717-50234577,0.1066,3.0,rs8020075|rs10146912|rs4391967,50135717
6.099,14,3.0,24591892,,,OMNIBUS,41668,14:24550224-24591892,0.1069,2.0,rs3561|rs2277483,24550224
6.074,14,3.0,73475258,,,OMNIBUS,41808,14:73433450-73475258,0.1081,3.0,rs17569474|rs12931|rs955329,73433450
13.03,14,8.0,28206852,,,OMNIBUS,87251,14:28119601-28206852,0.1107,5.0,rs10130248|rs4983262|rs4981658|rs9324023|rs12433723,28119601
14.17,14,9.0,89897342,,,OMNIBUS,39617,14:89857725-89897342,0.1164,5.0,rs3783848|rs2896108|rs3783845|rs2401823|rs8013113,89857725
5.851,14,3.0,50164452,,,OMNIBUS,28735,14:50135717-50164452,0.1191,2.0,rs8020075|rs10146912,50135717
20.35,14,14.0,98929902,,,OMNIBUS,141496,14:98788406-98929902,0.1196,6.0,rs7148865|rs7152787|rs7156559|rs1026504|rs1952876|rs8022566,98788406
4.232,14,2.0,91749595,,,OMNIBUS,10514,14:91739081-91749595,0.1205,2.0,rs941920|rs2277509,91739081
11.43,14,7.0,79623717,,,OMNIBUS,235286,14:79388431-79623717,0.1211,5.0,rs31349|rs31437|rs8012310|rs6574495|rs12891137,79388431
8.651,14,5.0,28164745,,,OMNIBUS,45144,14:28119601-28164745,0.1238,3.0,rs10130248|rs4983262|rs4981658,28119601
4.128,14,2.0,28844064,,,OMNIBUS,8713,14:28835351-28844064,0.127,2.0,rs1957950|rs1951260,28835351
12.45,14,8.0,68883688,,,OMNIBUS,96901,14:68786787-68883688,0.1322,6.0,rs9323505|rs11628653|rs8014025|rs12889770|rs7359088|rs3784121,68786787
5.598,14,3.0,103959289,,,OMNIBUS,100616,14:103858673-103959289,0.1329,3.0,rs3783394|rs12885234|rs17617994,103858673
11.1,14,7.0,29695358,,,OMNIBUS,492355,14:29203003-29695358,0.1343,5.0,rs7143611|rs730195|rs1957476|rs4981690|rs959197,29203003
5.556,14,3.0,97530928,,,OMNIBUS,141759,14:97389169-97530928,0.1353,2.0,rs1885159|rs2747075,97389169
3.998,14,2.0,89432075,,,OMNIBUS,1740,14:89430335-89432075,0.1354,2.0,rs1885185|rs4904488,89430335
9.741,14,6.0,62679790,,,OMNIBUS,86493,14:62593297-62679790,0.136,3.0,rs1954494|rs12879403|rs10873145,62593297
8.387,14,5.0,23584265,,,OMNIBUS,68890,14:23515375-23584265,0.1362,3.0,rs11845708|rs8006767|rs10143875,23515375
9.719,14,6.0,94827068,,,OMNIBUS,31576,14:94795492-94827068,0.137,4.0,rs4905179|rs746530|rs2749534|rs2749527,94795492
12.31,14,8.0,90002230,,,OMNIBUS,40699,14:89961531-90002230,0.138,4.0,rs243229|rs1287404|rs448069|rs10484012,89961531
10.97,14,7.0,79599274,,,OMNIBUS,210843,14:79388431-79599274,0.1397,4.0,rs31349|rs31437|rs8012310|rs6574495,79388431
3.931,14,2.0,76003944,,,OMNIBUS,36968,14:75966976-76003944,0.1401,2.0,rs175700|rs2080254,75966976
5.475,14,3.0,82396190,,,OMNIBUS,46907,14:82349283-82396190,0.1402,2.0,rs4904036|rs1959139,82349283
8.298,14,5.0,83756424,,,OMNIBUS,248701,14:83507723-83756424,0.1406,3.0,rs17678909|rs9323731|rs8006022,83507723
6.903,14,4.0,94809760,,,OMNIBUS,14268,14:94795492-94809760,0.1411,3.0,rs4905179|rs746530|rs2749534,94795492
13.45,14,9.0,51471592,,,OMNIBUS,45265,14:51426327-51471592,0.1433,5.0,rs949633|rs9323201|rs2275462|rs9888603|rs873913,51426327
3.884,14,2.0,97252629,,,OMNIBUS,3616,14:97249013-97252629,0.1434,2.0,rs4900345|rs10135283,97249013
10.75,14,7.0,89455682,,,OMNIBUS,25347,14:89430335-89455682,0.1497,4.0,rs1885185|rs4904488|rs7146193|rs4904492,89430335
10.7,14,7.0,21250124,,,OMNIBUS,46965,14:21203159-21250124,0.1522,4.0,rs9671539|rs762039|rs1885318|rs1045922,21203159
16.93,14,12.0,96749759,,,OMNIBUS,70785,14:96678974-96749759,0.1522,4.0,rs4900312|rs2069605|rs2369522|rs3742476,96678974
6.7,14,4.0,52908825,,,OMNIBUS,36702,14:52872123-52908825,0.1526,4.0,rs781357|rs781351|rs10143866|rs781379,52872123
6.682,14,4.0,29534920,,,OMNIBUS,331917,14:29203003-29534920,0.1537,3.0,rs7143611|rs730195|rs1957476,29203003
3.74,14,2.0,20490138,,,OMNIBUS,745,14:20489393-20490138,0.1541,2.0,rs9919950|rs10484220,20489393
3.721,14,2.0,56820025,,,OMNIBUS,12923,14:56807102-56820025,0.1556,2.0,rs914009|rs12100694,56807102
5.209,14,3.0,86076064,,,OMNIBUS,7437,14:86068627-86076064,0.1571,2.0,rs1956633|rs2747005,86068627
3.68,14,2.0,72496063,,,OMNIBUS,4362,14:72491701-72496063,0.1589,2.0,rs8022882|rs735157,72491701
3.68,14,2.0,57283283,,,OMNIBUS,13458,14:57269825-57283283,0.1589,2.0,rs698015|rs198262,57269825
14.31,14,10.0,29714864,,,OMNIBUS,511861,14:29203003-29714864,0.1594,6.0,rs7143611|rs730195|rs1957476|rs4981690|rs959197|rs10142843,29203003
5.154,14,3.0,53731933,,,OMNIBUS,226042,14:53505891-53731933,0.1608,2.0,rs2150541|rs7146135,53505891
6.552,14,4.0,78921353,,,OMNIBUS,108067,14:78813286-78921353,0.1615,3.0,rs214023|rs8020758|rs2110420,78813286
11.76,14,8.0,104083457,,,OMNIBUS,224784,14:103858673-104083457,0.1621,6.0,rs3783394|rs12885234|rs17617994|rs2071407|rs9324063|rs10134399,103858673
5.133,14,3.0,77120744,,,OMNIBUS,56928,14:77063816-77120744,0.1623,2.0,rs1676284|rs11159221,77063816
11.75,14,8.0,61937292,,,OMNIBUS,44101,14:61893191-61937292,0.1627,4.0,rs11621346|rs1957895|rs959728|rs3783785,61893191
17.86,14,13.0,81165784,,,OMNIBUS,115349,14:81050435-81165784,0.1629,6.0,rs17110817|rs2044772|rs2619671|rs7157843|rs1470639|rs8018693,81050435
7.839,14,5.0,85615564,,,OMNIBUS,46280,14:85569284-85615564,0.1654,3.0,rs7493702|rs9672039|rs10148947,85569284
5.083,14,3.0,63142821,,,OMNIBUS,185170,14:62957651-63142821,0.1658,2.0,rs4902139|rs4902173,62957651
5.078,14,3.0,25213422,,,OMNIBUS,4224,14:25209198-25213422,0.1662,3.0,rs1381324|rs712489|rs1461650,25209198
5.072,14,3.0,21785790,,,OMNIBUS,67051,14:21718739-21785790,0.1666,2.0,rs7141230|rs3748357,21718739
5.071,14,3.0,95985950,,,OMNIBUS,71977400,14:24008550-95985950,0.1667,2.0,rs3783438|rs10782485,24008550
9.117,14,6.0,99449395,,,OMNIBUS,72311,14:99377084-99449395,0.1671,3.0,rs200352|rs200303|rs10484066,99377084
5.062,14,3.0,95891142,,,OMNIBUS,19279,14:95871863-95891142,0.1673,2.0,rs17111972|rs1187760,95871863
6.449,14,4.0,59939727,,,OMNIBUS,77103,14:59862624-59939727,0.1681,3.0,rs1755700|rs1253171|rs8660,59862624
5.048,14,3.0,78566596,,,OMNIBUS,29782,14:78536814-78566596,0.1683,2.0,rs177209|rs177195,78536814
24.75,14,19.0,99263957,,,OMNIBUS,114280,14:99149677-99263957,0.1689,10.0,rs7147818|rs1950485|rs4905741|rs8018433|rs1022633|rs17097744|rs4343209|rs1159799|rs17097800|rs1950468,99149677
14.08,14,10.0,64835518,,,OMNIBUS,198371,14:64637147-64835518,0.1695,5.0,rs7161192|rs3020450|rs3020443|rs2987969|rs2987981,64637147
5.009,14,3.0,101800124,,,OMNIBUS,4769,14:101795355-101800124,0.1711,2.0,rs2151762|rs945020,101795355
10.27,14,7.0,92827246,,,OMNIBUS,26043,14:92801203-92827246,0.1735,4.0,rs2402130|rs2896206|rs4243693|rs7145687,92801203
3.479,14,2.0,30009227,,,OMNIBUS,5989,14:30003238-30009227,0.1756,2.0,rs1191545|rs1191543,30003238
3.473,14,2.0,28120994,,,OMNIBUS,1393,14:28119601-28120994,0.1761,2.0,rs10130248|rs4983262,28119601
4.925,14,3.0,44948461,,,OMNIBUS,45028,14:44903433-44948461,0.1774,2.0,rs10137318|rs438402,44903433
3.452,14,2.0,102896673,,,OMNIBUS,38877,14:102857796-102896673,0.178,2.0,rs8008097|rs1005776,102857796
7.622,14,5.0,51984581,,,OMNIBUS,126320,14:51858261-51984581,0.1783,4.0,rs1987118|rs7151949|rs7145011|rs17124069,51858261
4.891,14,3.0,21234851,,,OMNIBUS,31692,14:21203159-21234851,0.1799,2.0,rs9671539|rs762039,21203159
7.541,14,5.0,52644007,,,OMNIBUS,147600,14:52496407-52644007,0.1834,4.0,rs2273431|rs4901201|rs7153293|rs10134414,52496407
7.504,14,5.0,84751541,,,OMNIBUS,35746,14:84715795-84751541,0.1857,4.0,rs4567639|rs10498573|rs11159642|rs8019836,84715795
4.787,14,3.0,51295500,,,OMNIBUS,372251,14:50923249-51295500,0.1881,2.0,rs12881869|rs8010709,50923249
4.76,14,3.0,23843363,,,OMNIBUS,84207,14:23759156-23843363,0.1902,2.0,rs8017130|rs8014568,23759156
7.403,14,5.0,57016809,,,OMNIBUS,62411,14:56954398-57016809,0.1923,3.0,rs1890905|rs10133451|rs945044,56954398
7.348,14,5.0,29621807,,,OMNIBUS,418804,14:29203003-29621807,0.196,4.0,rs7143611|rs730195|rs1957476|rs4981690,29203003
3.25,14,2.0,24327790,,,OMNIBUS,19043,14:24308747-24327790,0.1969,2.0,rs4635261|rs2031861,24308747
11.08,14,8.0,53833926,,,OMNIBUS,328035,14:53505891-53833926,0.197,6.0,rs2150541|rs7146135|rs1364597|rs2161944|rs877018|rs1255277,53505891
11.08,14,8.0,80345120,,,OMNIBUS,92444,14:80252676-80345120,0.1973,5.0,rs10134488|rs2242641|rs2293824|rs2293843|rs2064005,80252676
3.242,14,2.0,95316973,,,OMNIBUS,16929,14:95300044-95316973,0.1977,2.0,rs1243517|rs1243511,95300044
4.66,14,3.0,37218627,,,OMNIBUS,28562,14:37190065-37218627,0.1984,3.0,rs8010088|rs8009041|rs10143550,37190065
3.233,14,2.0,22048414,,,OMNIBUS,331,14:22048083-22048414,0.1986,2.0,rs10136774|rs1547396,22048083
7.309,14,5.0,64792340,,,OMNIBUS,155193,14:64637147-64792340,0.1987,3.0,rs7161192|rs3020450|rs3020443,64637147
3.222,14,2.0,33564266,,,OMNIBUS,12341,14:33551925-33564266,0.1997,2.0,rs7145093|rs2152402,33551925
4.639,14,3.0,103779090,,,OMNIBUS,71673,14:103707417-103779090,0.2002,2.0,rs7154496|rs9630407,103707417
9.789,14,7.0,53823026,,,OMNIBUS,317135,14:53505891-53823026,0.2008,5.0,rs2150541|rs7146135|rs1364597|rs2161944|rs877018,53505891
7.267,14,5.0,86127799,,,OMNIBUS,59172,14:86068627-86127799,0.2015,3.0,rs1956633|rs2747005|rs12434808,86068627
21.57,14,17.0,99257740,,,OMNIBUS,108063,14:99149677-99257740,0.202,9.0,rs7147818|rs1950485|rs4905741|rs8018433|rs1022633|rs17097744|rs4343209|rs1159799|rs17097800,99149677
3.196,14,2.0,97945865,,,OMNIBUS,40579,14:97905286-97945865,0.2023,2.0,rs184610|rs2626599,97905286
8.506,14,6.0,34895977,,,OMNIBUS,48367,14:34847610-34895977,0.2033,3.0,rs10498329|rs7159330|rs10132233,34847610
5.91,14,4.0,52618411,,,OMNIBUS,122004,14:52496407-52618411,0.206,3.0,rs2273431|rs4901201|rs7153293,52496407
7.194,14,5.0,95041478,,,OMNIBUS,53482,14:94987996-95041478,0.2066,3.0,rs8004587|rs12895360|rs1955652,94987996
16.81,14,13.0,87770671,,,OMNIBUS,210501,14:87560170-87770671,0.2082,7.0,rs12586410|rs11624852|rs1484986|rs2035543|rs1615552|rs1756650|rs1365524,87560170
4.538,14,3.0,30010177,,,OMNIBUS,6939,14:30003238-30010177,0.2089,3.0,rs1191545|rs1191543|rs4144016,30003238
7.161,14,5.0,89996043,,,OMNIBUS,34512,14:89961531-89996043,0.209,3.0,rs243229|rs1287404|rs448069,89961531
7.145,14,5.0,52368559,,,OMNIBUS,53442,14:52315117-52368559,0.2101,3.0,rs2748141|rs4898720|rs1953858,52315117
7.136,14,5.0,22867875,,,OMNIBUS,76312,14:22791563-22867875,0.2107,4.0,rs2204990|rs4981423|rs3811244|rs3811240,22791563
4.5,14,3.0,47062665,,,OMNIBUS,85154,14:46977511-47062665,0.2123,2.0,rs2899989|rs2198243,46977511
13.2,14,10.0,64871210,,,OMNIBUS,234063,14:64637147-64871210,0.2125,6.0,rs7161192|rs3020450|rs3020443|rs2987969|rs2987981|rs8011839,64637147
3.086,14,2.0,66474352,,,OMNIBUS,5591,14:66468761-66474352,0.2138,2.0,rs1147443|rs1147437,66468761
4.462,14,3.0,58360442,,,OMNIBUS,45160,14:58315282-58360442,0.2157,2.0,rs7144436|rs808222,58315282
4.448,14,3.0,91750082,,,OMNIBUS,11001,14:91739081-91750082,0.217,3.0,rs941920|rs2277509|rs12884117,91739081
5.746,14,4.0,25216509,,,OMNIBUS,7311,14:25209198-25216509,0.2189,4.0,rs1381324|rs712489|rs1461650|rs11158890,25209198
3.035,14,2.0,99521433,,,OMNIBUS,12198,14:99509235-99521433,0.2193,2.0,rs1257687|rs7141243,99509235
4.369,14,3.0,74932268,,,OMNIBUS,60935,14:74871333-74932268,0.2243,2.0,rs11159076|rs2190876,74871333
4.366,14,3.0,34849476,,,OMNIBUS,1866,14:34847610-34849476,0.2246,2.0,rs10498329|rs7159330,34847610
6.908,14,5.0,52016283,,,OMNIBUS,115954,14:51900329-52016283,0.2276,3.0,rs4597233|rs1950918|rs17662791,51900329
4.334,14,3.0,76005557,,,OMNIBUS,38581,14:75966976-76005557,0.2276,3.0,rs175700|rs2080254|rs2300603,75966976
4.328,14,3.0,80468443,,,OMNIBUS,40711,14:80427732-80468443,0.2281,2.0,rs1158314|rs1468843,80427732
8.133,14,6.0,99170143,,,OMNIBUS,20466,14:99149677-99170143,0.2285,4.0,rs7147818|rs1950485|rs4905741|rs8018433,99149677
2.926,14,2.0,37190198,,,OMNIBUS,133,14:37190065-37190198,0.2315,2.0,rs8010088|rs8009041,37190065
2.901,14,2.0,85575816,,,OMNIBUS,6532,14:85569284-85575816,0.2344,2.0,rs7493702|rs9672039,85569284
6.813,14,5.0,89446796,,,OMNIBUS,16461,14:89430335-89446796,0.2349,3.0,rs1885185|rs4904488|rs7146193,89430335
6.799,14,5.0,82413786,,,OMNIBUS,64503,14:82349283-82413786,0.236,3.0,rs4904036|rs1959139|rs2184600,82349283
4.235,14,3.0,99402433,,,OMNIBUS,25349,14:99377084-99402433,0.2371,2.0,rs200352|rs200303,99377084
4.232,14,3.0,51608293,,,OMNIBUS,25037,14:51583256-51608293,0.2375,2.0,rs3007091|rs3007168,51583256
12.73,14,10.0,87741025,,,OMNIBUS,180855,14:87560170-87741025,0.2391,6.0,rs12586410|rs11624852|rs1484986|rs2035543|rs1615552|rs1756650,87560170
2.85,14,2.0,82172384,,,OMNIBUS,4199,14:82168185-82172384,0.2405,2.0,rs7151516|rs8006900,82168185
4.186,14,3.0,20967644,,,OMNIBUS,7634,14:20960010-20967644,0.2421,2.0,rs7161172|rs4982140,20960010
4.166,14,3.0,22859482,,,OMNIBUS,67919,14:22791563-22859482,0.2441,3.0,rs2204990|rs4981423|rs3811244,22791563
10.3,14,8.0,62710865,,,OMNIBUS,117568,14:62593297-62710865,0.2446,4.0,rs1954494|rs12879403|rs10873145|rs4902119,62593297
2.784,14,2.0,97623593,,,OMNIBUS,5181,14:97618412-97623593,0.2485,2.0,rs7153003|rs12432865,97618412
7.856,14,6.0,54920423,,,OMNIBUS,116658,14:54803765-54920423,0.2488,3.0,rs10150369|rs8007223|rs11850320,54803765
4.113,14,3.0,46151282,,,OMNIBUS,253952,14:45897330-46151282,0.2495,2.0,rs4900672|rs2014547,45897330
10.18,14,8.0,81156328,,,OMNIBUS,105893,14:81050435-81156328,0.2528,5.0,rs17110817|rs2044772|rs2619671|rs7157843|rs1470639,81050435
20.43,14,17.0,81386625,,,OMNIBUS,336190,14:81050435-81386625,0.2529,9.0,rs17110817|rs2044772|rs2619671|rs7157843|rs1470639|rs8018693|rs2619676|rs328239|rs1013890,81050435
19.31,14,16.0,81207288,,,OMNIBUS,156853,14:81050435-81207288,0.2531,8.0,rs17110817|rs2044772|rs2619671|rs7157843|rs1470639|rs8018693|rs2619676|rs328239,81050435
8.993,14,7.0,95047016,,,OMNIBUS,59020,14:94987996-95047016,0.2532,4.0,rs8004587|rs12895360|rs1955652|rs1475938,94987996
14.76,14,12.0,44032716,,,OMNIBUS,336385,14:43696331-44032716,0.2546,8.0,rs3919704|rs1899156|rs8005238|rs974953|rs8015410|rs10498389|rs2009767|rs10498390,43696331
18.15,14,15.0,61874448,,,OMNIBUS,181493,14:61692955-61874448,0.2549,7.0,rs6573374|rs1954010|rs11158335|rs2211211|rs12437296|rs17098207|rs767755,61692955
4.058,14,3.0,61711728,,,OMNIBUS,18773,14:61692955-61711728,0.2553,2.0,rs6573374|rs1954010,61692955
12.46,14,10.0,45127134,,,OMNIBUS,223701,14:44903433-45127134,0.2555,7.0,rs10137318|rs438402|rs1959375|rs1953582|rs17115288|rs1959362|rs17115384,44903433
4.054,14,3.0,89983256,,,OMNIBUS,21725,14:89961531-89983256,0.2557,2.0,rs243229|rs1287404,89961531
4.05,14,3.0,27661650,,,OMNIBUS,49778,14:27611872-27661650,0.2561,2.0,rs12894029|rs1245463,27611872
2.715,14,2.0,84723226,,,OMNIBUS,7431,14:84715795-84723226,0.2573,2.0,rs4567639|rs10498573,84715795
4.031,14,3.0,56445406,,,OMNIBUS,4314,14:56441092-56445406,0.2581,2.0,rs4097|rs1188179,56441092
5.296,14,4.0,44951788,,,OMNIBUS,48355,14:44903433-44951788,0.2583,3.0,rs10137318|rs438402|rs1959375,44903433
2.706,14,2.0,48384911,,,OMNIBUS,55273,14:48329638-48384911,0.2585,2.0,rs451505|rs2480021,48329638
5.293,14,4.0,57607067,,,OMNIBUS,94906,14:57512161-57607067,0.2585,3.0,rs4901758|rs4898927|rs7144018,57512161
3.987,14,3.0,104613478,,,OMNIBUS,32406,14:104581072-104613478,0.2628,3.0,rs1557012|rs2011069|rs4906421,104581072
3.981,14,3.0,39964127,,,OMNIBUS,103911,14:39860216-39964127,0.2635,3.0,rs2415543|rs9788415|rs10143148,39860216
14.6,14,12.0,62544366,,,OMNIBUS,37316,14:62507050-62544366,0.264,4.0,rs1254919|rs1954482|rs8018978|rs2000316,62507050
2.662,14,2.0,54451302,,,OMNIBUS,21947,14:54429355-54451302,0.2643,2.0,rs1957860|rs11157994,54429355
10.01,14,8.0,64829016,,,OMNIBUS,191869,14:64637147-64829016,0.2645,4.0,rs7161192|rs3020450|rs3020443|rs2987969,64637147
6.44,14,5.0,36198782,,,OMNIBUS,268587,14:35930195-36198782,0.2657,4.0,rs4982279|rs9322955|rs12431807|rs10147261,35930195
2.644,14,2.0,78895048,,,OMNIBUS,81762,14:78813286-78895048,0.2666,2.0,rs214023|rs8020758,78813286
5.206,14,4.0,77168503,,,OMNIBUS,104687,14:77063816-77168503,0.2668,3.0,rs1676284|rs11159221|rs1861422,77063816
6.413,14,5.0,78600741,,,OMNIBUS,63927,14:78536814-78600741,0.2681,3.0,rs177209|rs177195|rs404787,78536814
7.6,14,6.0,21060565,,,OMNIBUS,27941,14:21032624-21060565,0.2689,3.0,rs4982207|rs3827902|rs4981264,21032624
3.928,14,3.0,30539282,,,OMNIBUS,16518,14:30522764-30539282,0.2694,3.0,rs225949|rs10483388|rs9652310,30522764
3.862,14,3.0,75026597,,,OMNIBUS,16036,14:75010561-75026597,0.2768,2.0,rs2028377|rs1008007,75010561
8.655,14,7.0,28191921,,,OMNIBUS,72320,14:28119601-28191921,0.2783,4.0,rs10130248|rs4983262|rs4981658|rs9324023,28119601
2.555,14,2.0,22390103,,,OMNIBUS,8029,14:22382074-22390103,0.2787,2.0,rs2293729|rs4981390,22382074
2.549,14,2.0,22808754,,,OMNIBUS,17191,14:22791563-22808754,0.2796,2.0,rs2204990|rs4981423,22791563
20.99,14,18.0,85698743,,,OMNIBUS,129459,14:85569284-85698743,0.2798,8.0,rs7493702|rs9672039|rs10148947|rs10149105|rs2888426|rs10135529|rs1449419|rs1767392,85569284
7.453,14,6.0,83790259,,,OMNIBUS,282536,14:83507723-83790259,0.281,4.0,rs17678909|rs9323731|rs8006022|rs17703858,83507723
5.06,14,4.0,76019755,,,OMNIBUS,52779,14:75966976-76019755,0.2812,4.0,rs175700|rs2080254|rs2300603|rs2160144,75966976
5.056,14,4.0,91896534,,,OMNIBUS,21578,14:91874956-91896534,0.2816,3.0,rs2295882|rs1285841|rs10139287,91874956
13.18,14,11.0,62021879,,,OMNIBUS,128688,14:61893191-62021879,0.2818,5.0,rs11621346|rs1957895|rs959728|rs3783785|rs810087,61893191
9.753,14,8.0,89466033,,,OMNIBUS,35698,14:89430335-89466033,0.2828,5.0,rs1885185|rs4904488|rs7146193|rs4904492|rs763313,89430335
9.603,14,8.0,52937255,,,OMNIBUS,65132,14:52872123-52937255,0.294,5.0,rs781357|rs781351|rs10143866|rs781379|rs7155490,52872123
3.712,14,3.0,80649565,,,OMNIBUS,37161,14:80612404-80649565,0.2942,2.0,rs996211|rs4903904,80612404
3.696,14,3.0,41495908,,,OMNIBUS,156155,14:41339753-41495908,0.2962,2.0,rs1349124|rs1959930,41339753
19.57,14,17.0,98987292,,,OMNIBUS,198886,14:98788406-98987292,0.2969,7.0,rs7148865|rs7152787|rs7156559|rs1026504|rs1952876|rs8022566|rs8022922,98788406
2.425,14,2.0,23000062,,,OMNIBUS,15056,14:22985006-23000062,0.2975,2.0,rs227028|rs227003,22985006
3.681,14,3.0,56824118,,,OMNIBUS,17016,14:56807102-56824118,0.298,3.0,rs914009|rs12100694|rs10483654,56807102
6.085,14,5.0,82294185,,,OMNIBUS,126000,14:82168185-82294185,0.298,3.0,rs7151516|rs8006900|rs1958204,82168185
8.402,14,7.0,96033565,,,OMNIBUS,72025015,14:24008550-96033565,0.2985,3.0,rs3783438|rs10782485|rs8012206,24008550
8.394,14,7.0,51728356,,,OMNIBUS,145100,14:51583256-51728356,0.2991,4.0,rs3007091|rs3007168|rs7148539|rs4264315,51583256
6.068,14,5.0,105531945,,,OMNIBUS,96296,14:105435649-105531945,0.2997,3.0,rs736066|rs7157970|rs3809470,105435649
2.409,14,2.0,95107973,,,OMNIBUS,10417,14:95097556-95107973,0.2998,2.0,rs8023057|rs4905226,95097556
4.856,14,4.0,88651006,,,OMNIBUS,4179,14:88646827-88651006,0.3024,3.0,rs1631092|rs411418|rs411627,88646827
2.386,14,2.0,91881387,,,OMNIBUS,6431,14:91874956-91881387,0.3033,2.0,rs2295882|rs1285841,91874956
2.386,14,2.0,71309483,,,OMNIBUS,19358,14:71290125-71309483,0.3033,2.0,rs7157405|rs979536,71290125
3.635,14,3.0,84062199,,,OMNIBUS,53347,14:84008852-84062199,0.3036,3.0,rs1241940|rs1763546|rs17118868,84008852
15.05,14,13.0,29722492,,,OMNIBUS,519489,14:29203003-29722492,0.304,7.0,rs7143611|rs730195|rs1957476|rs4981690|rs959197|rs10142843|rs2333484,29203003
7.176,14,6.0,100188144,,,OMNIBUS,78320,14:100109824-100188144,0.3049,4.0,rs4905873|rs4905879|rs943881|rs2273840,100109824
2.364,14,2.0,40096985,,,OMNIBUS,16018,14:40080967-40096985,0.3066,2.0,rs7141430|rs744511,40080967
2.36,14,2.0,103889181,,,OMNIBUS,30508,14:103858673-103889181,0.3073,2.0,rs3783394|rs12885234,103858673
3.604,14,3.0,51979393,,,OMNIBUS,79064,14:51900329-51979393,0.3075,2.0,rs4597233|rs1950918,51900329
7.125,14,6.0,101810329,,,OMNIBUS,14974,14:101795355-101810329,0.3094,3.0,rs2151762|rs945020|rs1959025,101795355
7.124,14,6.0,45006478,,,OMNIBUS,103045,14:44903433-45006478,0.3095,4.0,rs10137318|rs438402|rs1959375|rs1953582,44903433
4.787,14,4.0,100166300,,,OMNIBUS,56476,14:100109824-100166300,0.3098,3.0,rs4905873|rs4905879|rs943881,100109824
3.585,14,3.0,98640452,,,OMNIBUS,57407,14:98583045-98640452,0.3099,3.0,rs965770|rs987514|rs10144091,98583045
2.337,14,2.0,98628943,,,OMNIBUS,45898,14:98583045-98628943,0.3109,2.0,rs965770|rs987514,98583045
5.948,14,5.0,69226021,,,OMNIBUS,136535,14:69089486-69226021,0.3113,3.0,rs761951|rs1007841|rs7159916,69089486
4.768,14,4.0,72632217,,,OMNIBUS,24895,14:72607322-72632217,0.3119,3.0,rs2283416|rs149689|rs149670,72607322
13.81,14,12.0,52989228,,,OMNIBUS,117105,14:52872123-52989228,0.3131,6.0,rs781357|rs781351|rs10143866|rs781379|rs7155490|rs745080,52872123
19.24,14,17.0,81192479,,,OMNIBUS,142044,14:81050435-81192479,0.3149,7.0,rs17110817|rs2044772|rs2619671|rs7157843|rs1470639|rs8018693|rs2619676,81050435
11.57,14,10.0,89809771,,,OMNIBUS,60889,14:89748882-89809771,0.315,4.0,rs2182472|rs10130093|rs3783853|rs10484026,89748882
3.508,14,3.0,84730585,,,OMNIBUS,14790,14:84715795-84730585,0.3197,3.0,rs4567639|rs10498573|rs11159642,84715795
3.499,14,3.0,59202529,,,OMNIBUS,42292,14:59160237-59202529,0.3209,3.0,rs710025|rs311850|rs311847,59160237
3.492,14,3.0,86349492,,,OMNIBUS,69272,14:86280220-86349492,0.3218,2.0,rs2181659|rs1959455,86280220
8.122,14,7.0,94126515,,,OMNIBUS,443654,14:93682861-94126515,0.322,4.0,rs3783899|rs2905|rs1263429|rs11160134,93682861
3.476,14,3.0,62445986,,,OMNIBUS,25380,14:62420606-62445986,0.3239,2.0,rs1254839|rs12372849,62420606
3.472,14,3.0,94457047,,,OMNIBUS,24264,14:94432783-94457047,0.3245,2.0,rs7155044|rs1950351,94432783
4.647,14,4.0,99533152,,,OMNIBUS,23917,14:99509235-99533152,0.3254,4.0,rs1257687|rs7141243|rs11625680|rs807363,99509235
3.461,14,3.0,46913902,,,OMNIBUS,181564,14:46732338-46913902,0.3258,2.0,rs858893|rs1669796,46732338
4.637,14,4.0,39967531,,,OMNIBUS,107315,14:39860216-39967531,0.3266,4.0,rs2415543|rs9788415|rs10143148|rs17696574,39860216
10.25,14,9.0,69226816,,,OMNIBUS,137330,14:69089486-69226816,0.3306,4.0,rs761951|rs1007841|rs7159916|rs11629182,69089486
5.743,14,5.0,61724753,,,OMNIBUS,31798,14:61692955-61724753,0.332,3.0,rs6573374|rs1954010|rs11158335,61692955
3.413,14,3.0,62518883,,,OMNIBUS,11833,14:62507050-62518883,0.3323,2.0,rs1254919|rs1954482,62507050
2.202,14,2.0,97488362,,,OMNIBUS,20561,14:97467801-97488362,0.3325,2.0,rs1290233|rs1884065,97467801
5.735,14,5.0,37445490,,,OMNIBUS,21924,14:37423566-37445490,0.3329,3.0,rs2022720|rs7150942|rs10483479,37423566
9.106,14,8.0,85615940,,,OMNIBUS,46656,14:85569284-85615940,0.3334,4.0,rs7493702|rs9672039|rs10148947|rs10149105,85569284
4.574,14,4.0,52162092,,,OMNIBUS,30349,14:52131743-52162092,0.3338,3.0,rs9805984|rs4898706|rs7140410,52131743
6.858,14,6.0,80577818,,,OMNIBUS,150086,14:80427732-80577818,0.3342,3.0,rs1158314|rs1468843|rs1491491,80427732
10.19,14,9.0,100208990,,,OMNIBUS,99166,14:100109824-100208990,0.335,5.0,rs4905873|rs4905879|rs943881|rs2273840|rs1957516,100109824
3.388,14,3.0,64768302,,,OMNIBUS,131155,14:64637147-64768302,0.3356,2.0,rs7161192|rs3020450,64637147
2.184,14,2.0,29919114,,,OMNIBUS,2202,14:29916912-29919114,0.3356,2.0,rs10498304|rs4981701,29916912
13.47,14,12.0,24751734,,,OMNIBUS,201510,14:24550224-24751734,0.3359,5.0,rs3561|rs2277483|rs17184526|rs7158744|rs11627187,24550224
3.367,14,3.0,102910423,,,OMNIBUS,52627,14:102857796-102910423,0.3384,3.0,rs8008097|rs1005776|rs11624218,102857796
11.25,14,10.0,43980703,,,OMNIBUS,284372,14:43696331-43980703,0.3386,7.0,rs3919704|rs1899156|rs8005238|rs974953|rs8015410|rs10498389|rs2009767,43696331
3.362,14,3.0,68818976,,,OMNIBUS,32189,14:68786787-68818976,0.3391,2.0,rs9323505|rs11628653,68786787
3.362,14,3.0,25084632,,,OMNIBUS,49560,14:25035072-25084632,0.3391,2.0,rs1956908|rs1951594,25035072
9.025,14,8.0,79624492,,,OMNIBUS,236061,14:79388431-79624492,0.3402,6.0,rs31349|rs31437|rs8012310|rs6574495|rs12891137|rs1531631,79388431
6.781,14,6.0,78608741,,,OMNIBUS,71927,14:78536814-78608741,0.3416,4.0,rs177209|rs177195|rs404787|rs10483891,78536814
3.319,14,3.0,101514371,,,OMNIBUS,15888,14:101498483-101514371,0.345,2.0,rs8018238|rs10132916,101498483
3.314,14,3.0,22747055,,,OMNIBUS,5321,14:22741734-22747055,0.3457,2.0,rs3811272|rs3811266,22741734
2.113,14,2.0,25100282,,,OMNIBUS,54693,14:25045589-25100282,0.3477,2.0,rs12878578|rs2236338,25045589
2.113,14,2.0,33018462,,,OMNIBUS,3593,14:33014869-33018462,0.3477,2.0,rs3742926|rs1956204,33014869
3.277,14,3.0,39958630,,,OMNIBUS,98414,14:39860216-39958630,0.3508,2.0,rs2415543|rs9788415,39860216
7.796,14,7.0,57021019,,,OMNIBUS,66621,14:56954398-57021019,0.3509,4.0,rs1890905|rs10133451|rs945044|rs1889384,56954398
7.79,14,7.0,20971784,,,OMNIBUS,11774,14:20960010-20971784,0.3515,3.0,rs7161172|rs4982140|rs4981223,20960010
17.54,14,16.0,51262092,,,OMNIBUS,305215,14:50956877-51262092,0.3515,14.0,rs11844437|rs10133849|rs4901047|rs3015469|rs8020441|rs6572692|rs9323192|rs11376|rs11850340|rs12882191|rs3783281|rs7143959|rs10137294|rs3783280,50956877
15.39,14,14.0,96759853,,,OMNIBUS,80879,14:96678974-96759853,0.3518,5.0,rs4900312|rs2069605|rs2369522|rs3742476|rs4905480,96678974
5.555,14,5.0,21586876,,,OMNIBUS,46013,14:21540863-21586876,0.3519,3.0,rs1952151|rs7149011|rs11628703,21540863
6.671,14,6.0,45028868,,,OMNIBUS,125435,14:44903433-45028868,0.3523,5.0,rs10137318|rs438402|rs1959375|rs1953582|rs17115288,44903433
3.263,14,3.0,63301357,,,OMNIBUS,75985,14:63225372-63301357,0.3528,2.0,rs4902186|rs243149,63225372
15.37,14,14.0,92336775,,,OMNIBUS,145425,14:92191350-92336775,0.3532,6.0,rs3814837|rs7148745|rs10498632|rs2402076|rs759232|rs929608,92191350
5.534,14,5.0,74957153,,,OMNIBUS,85820,14:74871333-74957153,0.3542,3.0,rs11159076|rs2190876|rs7148018,74871333
3.253,14,3.0,96715497,,,OMNIBUS,36523,14:96678974-96715497,0.3542,2.0,rs4900312|rs2069605,96678974
3.248,14,3.0,90167470,,,OMNIBUS,80054,14:90087416-90167470,0.3549,2.0,rs242741|rs7143726,90087416
22.79,14,21.0,95911835,,,OMNIBUS,39972,14:95871863-95911835,0.3551,6.0,rs17111972|rs1187760|rs1187754|rs1187751|rs9671369|rs10144421,95871863
4.392,14,4.0,84076381,,,OMNIBUS,67529,14:84008852-84076381,0.3555,4.0,rs1241940|rs1763546|rs17118868|rs1953454,84008852
19.6,14,18.0,25814078,,,OMNIBUS,187691,14:25626387-25814078,0.3555,9.0,rs1958375|rs17109642|rs1958678|rs1888366|rs1551767|rs1461556|rs1454368|rs1154182|rs11628723,25626387
2.067,14,2.0,90758891,,,OMNIBUS,23184,14:90735707-90758891,0.3558,2.0,rs3742673|rs2282032,90735707
3.24,14,3.0,84443019,,,OMNIBUS,165872,14:84277147-84443019,0.3561,2.0,rs6574757|rs2210184,84277147
14.25,14,13.0,56215477,,,OMNIBUS,563924,14:55651553-56215477,0.3567,10.0,rs8003961|rs12894700|rs3742570|rs6573038|rs10083493|rs10498477|rs1953352|rs1959088|rs8017415|rs883598,55651553
10.97,14,10.0,70522484,,,OMNIBUS,121341,14:70401143-70522484,0.3599,4.0,rs227389|rs227418|rs11628857|rs1000521,70401143
14.19,14,13.0,100233353,,,OMNIBUS,123529,14:100109824-100233353,0.3603,6.0,rs4905873|rs4905879|rs943881|rs2273840|rs1957516|rs11160546,100109824
7.672,14,7.0,100847707,,,OMNIBUS,187741,14:100659966-100847707,0.3624,4.0,rs2757526|rs2766692|rs756055|rs2273800,100659966
10.93,14,10.0,21258738,,,OMNIBUS,55579,14:21203159-21258738,0.3633,5.0,rs9671539|rs762039|rs1885318|rs1045922|rs8018557,21203159
3.189,14,3.0,22714842,,,OMNIBUS,69159,14:22645683-22714842,0.3634,2.0,rs933193|rs6572331,22645683
5.449,14,5.0,53744865,,,OMNIBUS,238974,14:53505891-53744865,0.3636,3.0,rs2150541|rs7146135|rs1364597,53505891
2.022,14,2.0,75837542,,,OMNIBUS,36458,14:75801084-75837542,0.3638,2.0,rs12879500|rs6574227,75801084
2.018,14,2.0,81053008,,,OMNIBUS,2573,14:81050435-81053008,0.3645,2.0,rs17110817|rs2044772,81050435
2.017,14,2.0,76903733,,,OMNIBUS,17205,14:76886528-76903733,0.3648,2.0,rs2361285|rs9944037,76886528
5.436,14,5.0,63356253,,,OMNIBUS,130881,14:63225372-63356253,0.365,3.0,rs4902186|rs243149|rs10136789,63225372
3.174,14,3.0,52884355,,,OMNIBUS,12232,14:52872123-52884355,0.3655,3.0,rs781357|rs781351|rs10143866,52872123
9.801,14,9.0,79636394,,,OMNIBUS,247963,14:79388431-79636394,0.3669,7.0,rs31349|rs31437|rs8012310|rs6574495|rs12891137|rs1531631|rs766024,79388431
2.003,14,2.0,25630912,,,OMNIBUS,4525,14:25626387-25630912,0.3674,2.0,rs1958375|rs17109642,25626387
19.37,14,18.0,99254712,,,OMNIBUS,105035,14:99149677-99254712,0.3692,8.0,rs7147818|rs1950485|rs4905741|rs8018433|rs1022633|rs17097744|rs4343209|rs1159799,99149677
5.392,14,5.0,95386073,,,OMNIBUS,24384,14:95361689-95386073,0.3699,3.0,rs1768112|rs1768111|rs1243582,95361689
3.143,14,3.0,69039588,,,OMNIBUS,10985,14:69028603-69039588,0.3701,2.0,rs2525503|rs8009944,69028603
1.986,14,2.0,71212158,,,OMNIBUS,32387,14:71179771-71212158,0.3705,2.0,rs7144832|rs10483834,71179771
10.83,14,10.0,98478604,,,OMNIBUS,141986,14:98336618-98478604,0.3713,5.0,rs2809137|rs2607032|rs2607055|rs8005571|rs876188,98336618
3.128,14,3.0,42983879,,,OMNIBUS,146174,14:42837705-42983879,0.3723,2.0,rs763913|rs8022213,42837705
12.95,14,12.0,85687413,,,OMNIBUS,118129,14:85569284-85687413,0.3727,7.0,rs7493702|rs9672039|rs10148947|rs10149105|rs2888426|rs10135529|rs1449419,85569284
16.13,14,15.0,51245666,,,OMNIBUS,288789,14:50956877-51245666,0.3732,12.0,rs11844437|rs10133849|rs4901047|rs3015469|rs8020441|rs6572692|rs9323192|rs11376|rs11850340|rs12882191|rs3783281|rs7143959,50956877
15.06,14,14.0,44039374,,,OMNIBUS,343043,14:43696331-44039374,0.3742,9.0,rs3919704|rs1899156|rs8005238|rs974953|rs8015410|rs10498389|rs2009767|rs10498390|rs7146515,43696331
7.532,14,7.0,72650820,,,OMNIBUS,43498,14:72607322-72650820,0.3756,4.0,rs2283416|rs149689|rs149670|rs10148272,72607322
5.335,14,5.0,81102082,,,OMNIBUS,51647,14:81050435-81102082,0.3764,4.0,rs17110817|rs2044772|rs2619671|rs7157843,81050435
5.315,14,5.0,51635272,,,OMNIBUS,52016,14:51583256-51635272,0.3787,3.0,rs3007091|rs3007168|rs7148539,51583256
9.661,14,9.0,95054012,,,OMNIBUS,66016,14:94987996-95054012,0.3787,5.0,rs8004587|rs12895360|rs1955652|rs1475938|rs6119,94987996
11.79,14,11.0,68920095,,,OMNIBUS,133308,14:68786787-68920095,0.38,7.0,rs9323505|rs11628653|rs8014025|rs12889770|rs7359088|rs3784121|rs12587397,68786787
3.073,14,3.0,22391433,,,OMNIBUS,9359,14:22382074-22391433,0.3805,3.0,rs2293729|rs4981390|rs723879,22382074
3.06,14,3.0,103392249,,,OMNIBUS,87824,14:103304425-103392249,0.3825,3.0,rs7143963|rs10133111|rs1190229,103304425
12.8,14,12.0,87815467,,,OMNIBUS,255297,14:87560170-87815467,0.3837,8.0,rs12586410|rs11624852|rs1484986|rs2035543|rs1615552|rs1756650|rs1365524|rs12589994,87560170
5.26,14,5.0,25109648,,,OMNIBUS,74576,14:25035072-25109648,0.385,3.0,rs1956908|rs1951594|rs1951596,25035072
1.901,14,2.0,22609387,,,OMNIBUS,3137,14:22606250-22609387,0.3865,2.0,rs7150327|rs8010032,22606250
4.141,14,4.0,22051519,,,OMNIBUS,3436,14:22048083-22051519,0.3872,3.0,rs10136774|rs1547396|rs17182599,22048083
3.029,14,3.0,85950466,,,OMNIBUS,66160,14:85884306-85950466,0.3872,3.0,rs10498593|rs2372919|rs12589387,85884306
8.482,14,8.0,88692642,,,OMNIBUS,45815,14:88646827-88692642,0.3878,4.0,rs1631092|rs411418|rs411627|rs1940545,88646827
5.225,14,5.0,74759006,,,OMNIBUS,64157,14:74694849-74759006,0.389,3.0,rs1548768|rs7157201|rs3742801,74694849
4.121,14,4.0,22749742,,,OMNIBUS,8008,14:22741734-22749742,0.3899,3.0,rs3811272|rs3811266|rs4435168,22741734
7.377,14,7.0,45033932,,,OMNIBUS,130499,14:44903433-45033932,0.3907,6.0,rs10137318|rs438402|rs1959375|rs1953582|rs17115288|rs1959362,44903433
3.002,14,3.0,57598022,,,OMNIBUS,85861,14:57512161-57598022,0.3914,2.0,rs4901758|rs4898927,57512161
4.1,14,4.0,75867306,,,OMNIBUS,66222,14:75801084-75867306,0.3926,3.0,rs12879500|rs6574227|rs8018744,75801084
2.992,14,3.0,42542317,,,OMNIBUS,65061,14:42477256-42542317,0.3929,2.0,rs10498361|rs8004273,42477256
6.267,14,6.0,103443232,,,OMNIBUS,138807,14:103304425-103443232,0.394,4.0,rs7143963|rs10133111|rs1190229|rs2285014,103304425
4.083,14,4.0,93731823,,,OMNIBUS,48962,14:93682861-93731823,0.3948,3.0,rs3783899|rs2905|rs1263429,93682861
1.856,14,2.0,59290964,,,OMNIBUS,25239,14:59265725-59290964,0.3953,2.0,rs732602|rs2013084,59265725
2.975,14,3.0,56402278,,,OMNIBUS,7085,14:56395193-56402278,0.3955,2.0,rs7359067|rs8020688,56395193
2.972,14,3.0,99521795,,,OMNIBUS,12560,14:99509235-99521795,0.3959,3.0,rs1257687|rs7141243|rs11625680,99509235
1.853,14,2.0,50418230,,,OMNIBUS,11404,14:50406826-50418230,0.396,2.0,rs7159113|rs7155791,50406826
2.968,14,3.0,98352431,,,OMNIBUS,15813,14:98336618-98352431,0.3965,2.0,rs2809137|rs2607032,98336618
11.56,14,11.0,22471333,,,OMNIBUS,89259,14:22382074-22471333,0.3974,7.0,rs2293729|rs4981390|rs723879|rs11629117|rs1040297|rs2222924|rs3811327,22382074
2.95,14,3.0,101689506,,,OMNIBUS,4117,14:101685389-101689506,0.3994,2.0,rs4906076|rs8013718,101685389
7.288,14,7.0,23374862,,,OMNIBUS,52249,14:23322613-23374862,0.3995,3.0,rs4982695|rs1543505|rs2295682,23322613
2.948,14,3.0,92817661,,,OMNIBUS,16458,14:92801203-92817661,0.3997,2.0,rs2402130|rs2896206,92801203
11.53,14,11.0,72818218,,,OMNIBUS,141718,14:72676500-72818218,0.3999,5.0,rs17109092|rs847237|rs2238207|rs847358|rs2239229,72676500
6.203,14,6.0,61934018,,,OMNIBUS,40827,14:61893191-61934018,0.4009,3.0,rs11621346|rs1957895|rs959728,61893191
1.815,14,2.0,37040328,,,OMNIBUS,39547,14:37000781-37040328,0.4036,2.0,rs1956964|rs427490,37000781
5.09,14,5.0,66578202,,,OMNIBUS,109441,14:66468761-66578202,0.405,3.0,rs1147443|rs1147437|rs975231,66468761
10.41,14,10.0,24717791,,,OMNIBUS,167567,14:24550224-24717791,0.4054,4.0,rs3561|rs2277483|rs17184526|rs7158744,24550224
4.003,14,4.0,95336703,,,OMNIBUS,36659,14:95300044-95336703,0.4056,3.0,rs1243517|rs1243511|rs4608262,95300044
2.9,14,3.0,63965944,,,OMNIBUS,25862,14:63940082-63965944,0.4073,3.0,rs1012145|rs11158493|rs1255627,63940082
5.067,14,5.0,95823078,,,OMNIBUS,177206,14:95645872-95823078,0.4077,3.0,rs3742332|rs4641666|rs942328,95645872
5.064,14,5.0,83371030,,,OMNIBUS,66485,14:83304545-83371030,0.4081,3.0,rs1959010|rs1024307|rs7156012,83304545
11.43,14,11.0,69254191,,,OMNIBUS,164705,14:69089486-69254191,0.4081,5.0,rs761951|rs1007841|rs7159916|rs11629182|rs4902647,69089486
1.787,14,2.0,32519158,,,OMNIBUS,6262,14:32512896-32519158,0.4092,2.0,rs1958913|rs1279007,32512896
2.882,14,3.0,83401758,,,OMNIBUS,25378,14:83376380-83401758,0.4101,2.0,rs10498556|rs1959730,83376380
22.85,14,22.0,77663007,,,OMNIBUS,72824,14:77590183-77663007,0.4103,7.0,rs888066|rs2041822|rs2021852|rs158120|rs158105|rs1911728|rs1861420,77590183
6.109,14,6.0,76028680,,,OMNIBUS,61704,14:75966976-76028680,0.4111,6.0,rs175700|rs2080254|rs2300603|rs2160144|rs8021741|rs10483869,75966976
7.172,14,7.0,101818580,,,OMNIBUS,23225,14:101795355-101818580,0.4112,4.0,rs2151762|rs945020|rs1959025|rs11621338,101795355
2.869,14,3.0,63649152,,,OMNIBUS,32104,14:63617048-63649152,0.4123,2.0,rs7145983|rs17100818,63617048
2.866,14,3.0,55104841,,,OMNIBUS,40129,14:55064712-55104841,0.4127,2.0,rs4901523|rs1886460,55064712
10.31,14,10.0,23495048,,,OMNIBUS,172435,14:23322613-23495048,0.4139,4.0,rs4982695|rs1543505|rs2295682|rs941718,23322613
3.937,14,4.0,56016434,,,OMNIBUS,364881,14:55651553-56016434,0.4146,3.0,rs8003961|rs12894700|rs3742570,55651553
3.932,14,4.0,25646203,,,OMNIBUS,19816,14:25626387-25646203,0.4152,3.0,rs1958375|rs17109642|rs1958678,25626387
1.75,14,2.0,54186083,,,OMNIBUS,18611,14:54167472-54186083,0.4168,2.0,rs210359|rs169748,54167472
1.749,14,2.0,70805268,,,OMNIBUS,50761,14:70754507-70805268,0.417,2.0,rs12889575|rs2332422,70754507
13.4,14,13.0,87871835,,,OMNIBUS,311665,14:87560170-87871835,0.4175,9.0,rs12586410|rs11624852|rs1484986|rs2035543|rs1615552|rs1756650|rs1365524|rs12589994|rs17741027,87560170
9.213,14,9.0,43959213,,,OMNIBUS,262882,14:43696331-43959213,0.4178,6.0,rs3919704|rs1899156|rs8005238|rs974953|rs8015410|rs10498389,43696331
2.83,14,3.0,59691661,,,OMNIBUS,91280,14:59600381-59691661,0.4186,2.0,rs8007532|rs2349130,59600381
18.55,14,18.0,24765622,,,OMNIBUS,215398,14:24550224-24765622,0.42,7.0,rs3561|rs2277483|rs17184526|rs7158744|rs11627187|rs4568|rs2295307,24550224
2.821,14,3.0,23362628,,,OMNIBUS,40015,14:23322613-23362628,0.4201,2.0,rs4982695|rs1543505,23322613
6.018,14,6.0,24667051,,,OMNIBUS,116827,14:24550224-24667051,0.4212,3.0,rs3561|rs2277483|rs17184526,24550224
4.948,14,5.0,92822066,,,OMNIBUS,20863,14:92801203-92822066,0.4222,3.0,rs2402130|rs2896206|rs4243693,92801203
16.45,14,16.0,96771959,,,OMNIBUS,92985,14:96678974-96771959,0.4222,6.0,rs4900312|rs2069605|rs2369522|rs3742476|rs4905480|rs2289622,96678974
3.872,14,4.0,22399826,,,OMNIBUS,17752,14:22382074-22399826,0.4236,4.0,rs2293729|rs4981390|rs723879|rs11629117,22382074
1.718,14,2.0,58493564,,,OMNIBUS,7353,14:58486211-58493564,0.4236,2.0,rs1955634|rs2223934,58486211
3.858,14,4.0,77039784,,,OMNIBUS,13860,14:77025924-77039784,0.4255,3.0,rs11851385|rs7160845|rs4142176,77025924
13.27,14,13.0,87935026,,,OMNIBUS,374856,14:87560170-87935026,0.427,10.0,rs12586410|rs11624852|rs1484986|rs2035543|rs1615552|rs1756650|rs1365524|rs12589994|rs17741027|rs11621042,87560170
1.7,14,2.0,88647006,,,OMNIBUS,179,14:88646827-88647006,0.4274,2.0,rs1631092|rs411418,88646827
2.773,14,3.0,52596534,,,OMNIBUS,100127,14:52496407-52596534,0.4279,2.0,rs2273431|rs4901201,52496407
2.75,14,3.0,87290762,,,OMNIBUS,99625,14:87191137-87290762,0.4319,2.0,rs10513892|rs8022732,87191137
1.678,14,2.0,58350110,,,OMNIBUS,6504,14:58343606-58350110,0.4322,2.0,rs8017565|rs5003848,58343606
3.803,14,4.0,24345587,,,OMNIBUS,36840,14:24308747-24345587,0.4333,3.0,rs4635261|rs2031861|rs7153742,24308747
4.847,14,5.0,58387915,,,OMNIBUS,44309,14:58343606-58387915,0.4349,5.0,rs8017565|rs5003848|rs7155201|rs7156340|rs8018335,58343606
4.844,14,5.0,92290744,,,OMNIBUS,99394,14:92191350-92290744,0.4352,3.0,rs3814837|rs7148745|rs10498632,92191350
18.31,14,18.0,34678663,,,OMNIBUS,104180,14:34574483-34678663,0.4357,6.0,rs1431056|rs10498327|rs734205|rs712285|rs797340|rs1244376,34574483
10.06,14,10.0,85616803,,,OMNIBUS,47519,14:85569284-85616803,0.4357,5.0,rs7493702|rs9672039|rs10148947|rs10149105|rs2888426,85569284
14.19,14,14.0,68963746,,,OMNIBUS,176959,14:68786787-68963746,0.4358,9.0,rs9323505|rs11628653|rs8014025|rs12889770|rs7359088|rs3784121|rs12587397|rs4899244|rs765899,68786787
2.724,14,3.0,73220020,,,OMNIBUS,30867,14:73189153-73220020,0.4361,2.0,rs4415952|rs3742836,73189153
4.823,14,5.0,87720023,,,OMNIBUS,159853,14:87560170-87720023,0.4378,3.0,rs12586410|rs11624852|rs1484986,87560170
4.82,14,5.0,77608017,,,OMNIBUS,17834,14:77590183-77608017,0.4382,3.0,rs888066|rs2041822|rs2021852,77590183
4.817,14,5.0,101697422,,,OMNIBUS,12033,14:101685389-101697422,0.4386,3.0,rs4906076|rs8013718|rs1615947,101685389
6.906,14,7.0,92322416,,,OMNIBUS,131066,14:92191350-92322416,0.4388,4.0,rs3814837|rs7148745|rs10498632|rs2402076,92191350
14.12,14,14.0,24760009,,,OMNIBUS,209785,14:24550224-24760009,0.4407,6.0,rs3561|rs2277483|rs17184526|rs7158744|rs11627187|rs4568,24550224
3.743,14,4.0,58402534,,,OMNIBUS,87252,14:58315282-58402534,0.4419,3.0,rs7144436|rs808222|rs808229,58315282
7.901,14,8.0,57860688,,,OMNIBUS,348527,14:57512161-57860688,0.4432,4.0,rs4901758|rs4898927|rs7144018|rs1057737,57512161
2.679,14,3.0,34450029,,,OMNIBUS,36203,14:34413826-34450029,0.4439,2.0,rs1629140|rs8003133,34413826
1.622,14,2.0,100684192,,,OMNIBUS,24226,14:100659966-100684192,0.4444,2.0,rs2757526|rs2766692,100659966
1.621,14,2.0,20723695,,,OMNIBUS,11373,14:20712322-20723695,0.4446,2.0,rs11851004|rs8010116,20712322
7.874,14,8.0,98745040,,,OMNIBUS,161995,14:98583045-98745040,0.4459,5.0,rs965770|rs987514|rs10144091|rs1892231|rs8015019,98583045
2.667,14,3.0,81100158,,,OMNIBUS,49723,14:81050435-81100158,0.4459,3.0,rs17110817|rs2044772|rs2619671,81050435
15.07,14,15.0,62546256,,,OMNIBUS,39206,14:62507050-62546256,0.4463,5.0,rs1254919|rs1954482|rs8018978|rs2000316|rs2353777,62507050
4.743,14,5.0,77951124,,,OMNIBUS,107740,14:77843384-77951124,0.448,3.0,rs3742737|rs11844594|rs3742728,77843384
4.74,14,5.0,97654649,,,OMNIBUS,36237,14:97618412-97654649,0.4484,3.0,rs7153003|rs12432865|rs9323964,97618412
2.651,14,3.0,39379670,,,OMNIBUS,43518,14:39336152-39379670,0.4486,2.0,rs8008452|rs1957064,39336152
3.687,14,4.0,57309478,,,OMNIBUS,39653,14:57269825-57309478,0.45,3.0,rs698015|rs198262|rs198252,57269825
13.99,14,14.0,88111177,,,OMNIBUS,551007,14:87560170-88111177,0.4503,11.0,rs12586410|rs11624852|rs1484986|rs2035543|rs1615552|rs1756650|rs1365524|rs12589994|rs17741027|rs11621042|rs10130009,87560170
4.725,14,5.0,65643347,,,OMNIBUS,24692,14:65618655-65643347,0.4504,3.0,rs2411993|rs11621526|rs8007389,65618655
5.762,14,6.0,53760313,,,OMNIBUS,254422,14:53505891-53760313,0.4504,4.0,rs2150541|rs7146135|rs1364597|rs2161944,53505891
15.01,14,15.0,26308279,,,OMNIBUS,157769,14:26150510-26308279,0.4509,6.0,rs12893752|rs1951039|rs1956760|rs2332617|rs1959787|rs1954163,26150510
1.59,14,2.0,95478823,,,OMNIBUS,6119,14:95472704-95478823,0.4515,2.0,rs10140275|rs2353567,95472704
5.732,14,6.0,47169434,,,OMNIBUS,191923,14:46977511-47169434,0.4539,3.0,rs2899989|rs2198243|rs1381644,46977511
2.62,14,3.0,56007846,,,OMNIBUS,356293,14:55651553-56007846,0.454,2.0,rs8003961|rs12894700,55651553
2.614,14,3.0,51536146,,,OMNIBUS,21070,14:51515076-51536146,0.455,2.0,rs12434043|rs4243569,51515076
7.766,14,8.0,99172380,,,OMNIBUS,22703,14:99149677-99172380,0.4567,5.0,rs7147818|rs1950485|rs4905741|rs8018433|rs1022633,99149677
12.85,14,13.0,89474929,,,OMNIBUS,44594,14:89430335-89474929,0.4593,6.0,rs1885185|rs4904488|rs7146193|rs4904492|rs763313|rs8017825,89430335
8.761,14,9.0,57878879,,,OMNIBUS,366718,14:57512161-57878879,0.4596,5.0,rs4901758|rs4898927|rs7144018|rs1057737|rs1058010,57512161
5.676,14,6.0,76022400,,,OMNIBUS,55424,14:75966976-76022400,0.4604,5.0,rs175700|rs2080254|rs2300603|rs2160144|rs8021741,75966976
6.701,14,7.0,46327520,,,OMNIBUS,430190,14:45897330-46327520,0.4607,3.0,rs4900672|rs2014547|rs981951,45897330
2.579,14,3.0,35992878,,,OMNIBUS,62683,14:35930195-35992878,0.4613,3.0,rs4982279|rs9322955|rs12431807,35930195
4.628,14,5.0,89803269,,,OMNIBUS,54387,14:89748882-89803269,0.463,3.0,rs2182472|rs10130093|rs3783853,89748882
4.627,14,5.0,39426108,,,OMNIBUS,89956,14:39336152-39426108,0.4631,3.0,rs8008452|rs1957064|rs1022713,39336152
3.594,14,4.0,40155692,,,OMNIBUS,74725,14:40080967-40155692,0.4637,3.0,rs7141430|rs744511|rs12889713,40080967
2.565,14,3.0,55918302,,,OMNIBUS,103956,14:55814346-55918302,0.4637,2.0,rs7148669|rs998871,55814346
2.561,14,3.0,26719152,,,OMNIBUS,8881,14:26710271-26719152,0.4643,2.0,rs1950857|rs10133359,26710271
10.75,14,11.0,25713276,,,OMNIBUS,86889,14:25626387-25713276,0.4647,7.0,rs1958375|rs17109642|rs1958678|rs1888366|rs1551767|rs1461556|rs1454368,25626387
2.558,14,3.0,23012544,,,OMNIBUS,27538,14:22985006-23012544,0.4648,3.0,rs227028|rs227003|rs7147412,22985006
2.554,14,3.0,70459712,,,OMNIBUS,58569,14:70401143-70459712,0.4657,2.0,rs227389|rs227418,70401143
4.605,14,5.0,98417330,,,OMNIBUS,80712,14:98336618-98417330,0.466,3.0,rs2809137|rs2607032|rs2607055,98336618
6.647,14,7.0,21466781,,,OMNIBUS,33648,14:21433133-21466781,0.4666,3.0,rs2771324|rs2771342|rs945352,21433133
8.687,14,9.0,22435602,,,OMNIBUS,53528,14:22382074-22435602,0.4666,6.0,rs2293729|rs4981390|rs723879|rs11629117|rs1040297|rs2222924,22382074
13.77,14,14.0,37123250,,,OMNIBUS,122469,14:37000781-37123250,0.4672,6.0,rs1956964|rs427490|rs8010068|rs2073250|rs723616|rs1018466,37000781
4.589,14,5.0,43876895,,,OMNIBUS,180564,14:43696331-43876895,0.4681,4.0,rs3919704|rs1899156|rs8005238|rs974953,43696331
2.537,14,3.0,64882380,,,OMNIBUS,72375,14:64810005-64882380,0.4686,2.0,rs1256114|rs1950902,64810005
8.664,14,9.0,87737606,,,OMNIBUS,177436,14:87560170-87737606,0.4689,5.0,rs12586410|rs11624852|rs1484986|rs2035543|rs1615552,87560170
2.535,14,3.0,59302379,,,OMNIBUS,36654,14:59265725-59302379,0.469,3.0,rs732602|rs2013084|rs7141732,59265725
5.603,14,6.0,70479157,,,OMNIBUS,78014,14:70401143-70479157,0.4691,3.0,rs227389|rs227418|rs11628857,70401143
1.511,14,2.0,61072875,,,OMNIBUS,83638,14:60989237-61072875,0.4697,2.0,rs1955688|rs10483727,60989237
1.511,14,2.0,30526315,,,OMNIBUS,3551,14:30522764-30526315,0.4698,2.0,rs225949|rs10483388,30522764
9.67,14,10.0,20818131,,,OMNIBUS,105809,14:20712322-20818131,0.4699,5.0,rs11851004|rs8010116|rs3784244|rs3093872|rs1760921,20712322
16.77,14,17.0,81415154,,,OMNIBUS,364719,14:81050435-81415154,0.4703,10.0,rs17110817|rs2044772|rs2619671|rs7157843|rs1470639|rs8018693|rs2619676|rs328239|rs1013890|rs2217177,81050435
6.596,14,7.0,84094388,,,OMNIBUS,85536,14:84008852-84094388,0.4721,5.0,rs1241940|rs1763546|rs17118868|rs1953454|rs7144922,84008852
1.495,14,2.0,25265961,,,OMNIBUS,4944,14:25261017-25265961,0.4735,2.0,rs854363|rs9323559,25261017
14.69,14,15.0,53086913,,,OMNIBUS,214790,14:52872123-53086913,0.4738,7.0,rs781357|rs781351|rs10143866|rs781379|rs7155490|rs745080|rs2145957,52872123
5.511,14,6.0,96739847,,,OMNIBUS,60873,14:96678974-96739847,0.4801,3.0,rs4900312|rs2069605|rs2369522,96678974
1.463,14,2.0,86978489,,,OMNIBUS,12513,14:86965976-86978489,0.4811,2.0,rs1954130|rs1954195,86965976
1.462,14,2.0,53317340,,,OMNIBUS,28059,14:53289281-53317340,0.4815,3.0,rs11625993|rs1998777|rs2025633,53289281
4.483,14,5.0,90829329,,,OMNIBUS,93622,14:90735707-90829329,0.4822,3.0,rs3742673|rs2282032|rs4391997,90735707
1.459,14,2.0,53295706,,,OMNIBUS,6425,14:53289281-53295706,0.4822,2.0,rs11625993|rs1998777,53289281
1.459,14,2.0,104436931,,,OMNIBUS,39895,14:104397036-104436931,0.4822,2.0,rs10467890|rs11851097,104397036
9.515,14,10.0,101983664,,,OMNIBUS,38056,14:101945608-101983664,0.4841,4.0,rs4906124|rs2144067|rs3818079|rs7153709,101945608
1.445,14,2.0,52883061,,,OMNIBUS,10938,14:52872123-52883061,0.4855,2.0,rs781357|rs781351,52872123
2.428,14,3.0,99154466,,,OMNIBUS,4789,14:99149677-99154466,0.4885,2.0,rs7147818|rs1950485,99149677
4.433,14,5.0,99155463,,,OMNIBUS,5786,14:99149677-99155463,0.4889,3.0,rs7147818|rs1950485|rs4905741,99149677
2.418,14,3.0,29212618,,,OMNIBUS,8917,14:29203701-29212618,0.4903,2.0,rs1955452|rs735214,29203701
1.423,14,2.0,83308389,,,OMNIBUS,3844,14:83304545-83308389,0.4909,2.0,rs1959010|rs1024307,83304545
2.406,14,3.0,105463936,,,OMNIBUS,28287,14:105435649-105463936,0.4926,2.0,rs736066|rs7157970,105435649
10.42,14,11.0,95408047,,,OMNIBUS,46358,14:95361689-95408047,0.4935,4.0,rs1768112|rs1768111|rs1243582|rs1109353,95361689
3.396,14,4.0,30889842,,,OMNIBUS,31430,14:30858412-30889842,0.4939,3.0,rs10483372|rs8007072|rs7155872,30858412
2.396,14,3.0,59308241,,,OMNIBUS,42516,14:59265725-59308241,0.4943,4.0,rs732602|rs2013084|rs7141732|rs380375,59265725
7.396,14,8.0,26556905,,,OMNIBUS,91415,14:26465490-26556905,0.4945,4.0,rs2753593|rs862966|rs2332634|rs10483305,26465490
3.391,14,4.0,37044193,,,OMNIBUS,43412,14:37000781-37044193,0.4946,3.0,rs1956964|rs427490|rs8010068,37000781
4.391,14,5.0,68862764,,,OMNIBUS,75977,14:68786787-68862764,0.4946,3.0,rs9323505|rs11628653|rs8014025,68786787
8.395,14,9.0,57021571,,,OMNIBUS,67173,14:56954398-57021571,0.4949,5.0,rs1890905|rs10133451|rs945044|rs1889384|rs17774943,56954398
1.396,14,2.0,21793236,,,OMNIBUS,95378,14:21697858-21793236,0.4976,2.0,rs7147840|rs7157052,21697858
2.366,14,3.0,103584674,,,OMNIBUS,17770,14:103566904-103584674,0.5,2.0,rs1057640|rs7145735,103566904
4.345,14,5.0,56022792,,,OMNIBUS,371239,14:55651553-56022792,0.5009,4.0,rs8003961|rs12894700|rs3742570|rs6573038,55651553
4.334,14,5.0,41122838,,,OMNIBUS,235586,14:40887252-41122838,0.5024,3.0,rs7142594|rs7151345|rs2152418,40887252
4.329,14,5.0,98734567,,,OMNIBUS,151522,14:98583045-98734567,0.5031,4.0,rs965770|rs987514|rs10144091|rs1892231,98583045
2.346,14,3.0,30870187,,,OMNIBUS,11775,14:30858412-30870187,0.5038,2.0,rs10483372|rs8007072,30858412
2.344,14,3.0,62960755,,,OMNIBUS,22026,14:62938729-62960755,0.5041,2.0,rs2883559|rs9323410,62938729
5.315,14,6.0,72357200,,,OMNIBUS,38994,14:72318206-72357200,0.5041,3.0,rs2533059|rs36453|rs36409,72318206
2.339,14,3.0,21058425,,,OMNIBUS,25801,14:21032624-21058425,0.505,2.0,rs4982207|rs3827902,21032624
3.32,14,4.0,63652792,,,OMNIBUS,35744,14:63617048-63652792,0.5058,3.0,rs7145983|rs17100818|rs10483764,63617048
2.332,14,3.0,29006754,,,OMNIBUS,97553,14:28909201-29006754,0.5063,2.0,rs1957104|rs10141935,28909201
2.324,14,3.0,36449424,,,OMNIBUS,18961,14:36430463-36449424,0.508,2.0,rs8013122|rs7147797,36430463
14.22,14,15.0,44083886,,,OMNIBUS,387555,14:43696331-44083886,0.5089,10.0,rs3919704|rs1899156|rs8005238|rs974953|rs8015410|rs10498389|rs2009767|rs10498390|rs7146515|rs8019563,43696331
1.343,14,2.0,105116232,,,OMNIBUS,16211,14:105100021-105116232,0.5111,2.0,rs4983511|rs8023004,105100021
2.307,14,3.0,33570240,,,OMNIBUS,18315,14:33551925-33570240,0.5112,3.0,rs7145093|rs2152402|rs17538030,33551925
1.34,14,2.0,100124648,,,OMNIBUS,14824,14:100109824-100124648,0.5118,2.0,rs4905873|rs4905879,100109824
1.337,14,2.0,33046471,,,OMNIBUS,5239,14:33041232-33046471,0.5124,3.0,rs1950702|rs12435734|rs768787,33041232
10.15,14,11.0,98766382,,,OMNIBUS,183337,14:98583045-98766382,0.5166,6.0,rs965770|rs987514|rs10144091|rs1892231|rs8015019|rs1959991,98583045
15.11,14,16.0,101872299,,,OMNIBUS,76944,14:101795355-101872299,0.5167,6.0,rs2151762|rs945020|rs1959025|rs11621338|rs9324033|rs2275016,101795355
1.32,14,2.0,25282967,,,OMNIBUS,7413,14:25275554-25282967,0.5168,2.0,rs7161311|rs725230,25275554
10.15,14,11.0,22924194,,,OMNIBUS,132631,14:22791563-22924194,0.5171,6.0,rs2204990|rs4981423|rs3811244|rs3811240|rs2141988|rs2242545,22791563
8.168,14,9.0,37107572,,,OMNIBUS,106791,14:37000781-37107572,0.5173,5.0,rs1956964|rs427490|rs8010068|rs2073250|rs723616,37000781
1.317,14,2.0,77274018,,,OMNIBUS,19182,14:77254836-77274018,0.5177,2.0,rs2242624|rs768297,77254836
2.272,14,3.0,35630175,,,OMNIBUS,84237,14:35545938-35630175,0.5178,2.0,rs1712354|rs6571696,35545938
2.272,14,3.0,95337680,,,OMNIBUS,61775,14:95275905-95337680,0.5179,2.0,rs3850403|rs12432049,95275905
4.222,14,5.0,95126000,,,OMNIBUS,28444,14:95097556-95126000,0.5179,3.0,rs8023057|rs4905226|rs1950293,95097556
8.15,14,9.0,22903462,,,OMNIBUS,111899,14:22791563-22903462,0.5191,5.0,rs2204990|rs4981423|rs3811244|rs3811240|rs2141988,22791563
11.1,14,12.0,57033076,,,OMNIBUS,78678,14:56954398-57033076,0.5202,6.0,rs1890905|rs10133451|rs945044|rs1889384|rs17774943|rs11623335,56954398
5.184,14,6.0,91769141,,,OMNIBUS,63953,14:91705188-91769141,0.5204,4.0,rs933528|rs2540879|rs7159692|rs753075,91705188
14.07,14,15.0,20852029,,,OMNIBUS,139707,14:20712322-20852029,0.5206,6.0,rs11851004|rs8010116|rs3784244|rs3093872|rs1760921|rs1760904,20712322
9.113,14,10.0,85662421,,,OMNIBUS,93137,14:85569284-85662421,0.5214,6.0,rs7493702|rs9672039|rs10148947|rs10149105|rs2888426|rs10135529,85569284
2.253,14,3.0,99688409,,,OMNIBUS,20722,14:99667687-99688409,0.5216,2.0,rs3936653|rs807733,99667687
2.251,14,3.0,54187064,,,OMNIBUS,19592,14:54167472-54187064,0.5219,3.0,rs210359|rs169748|rs7155858,54167472
4.192,14,5.0,34615963,,,OMNIBUS,41480,14:34574483-34615963,0.522,3.0,rs1431056|rs10498327|rs734205,34574483
5.165,14,6.0,52201376,,,OMNIBUS,69633,14:52131743-52201376,0.5228,4.0,rs9805984|rs4898706|rs7140410|rs4344631,52131743
1.296,14,2.0,33041821,,,OMNIBUS,589,14:33041232-33041821,0.5232,2.0,rs1950702|rs12435734,33041232
5.158,14,6.0,43878866,,,OMNIBUS,182535,14:43696331-43878866,0.5238,5.0,rs3919704|rs1899156|rs8005238|rs974953|rs8015410,43696331
8.102,14,9.0,30063202,,,OMNIBUS,59964,14:30003238-30063202,0.5239,5.0,rs1191545|rs1191543|rs4144016|rs1998355|rs2273814,30003238
2.229,14,3.0,27331110,,,OMNIBUS,37668,14:27293442-27331110,0.5263,3.0,rs10483324|rs4127782|rs1956061,27293442
2.222,14,3.0,58359094,,,OMNIBUS,15488,14:58343606-58359094,0.5276,3.0,rs8017565|rs5003848|rs7155201,58343606
22.87,14,24.0,25869357,,,OMNIBUS,242970,14:25626387-25869357,0.5277,10.0,rs1958375|rs17109642|rs1958678|rs1888366|rs1551767|rs1461556|rs1454368|rs1154182|rs11628723|rs1241303,25626387
4.133,14,5.0,94479804,,,OMNIBUS,47021,14:94432783-94479804,0.5304,3.0,rs7155044|rs1950351|rs7160644,94432783
13.91,14,15.0,66277657,,,OMNIBUS,572399,14:65705258-66277657,0.5322,7.0,rs4299072|rs1256531|rs1269068|rs10132229|rs2411351|rs9323465|rs10149555,65705258
15.86,14,17.0,81643053,,,OMNIBUS,592618,14:81050435-81643053,0.534,16.0,rs17110817|rs2044772|rs2619671|rs7157843|rs1470639|rs8018693|rs2619676|rs328239|rs1013890|rs2217177|rs179247|rs2284722|rs917986|rs12883673|rs2300525|rs12878503,81050435
2.181,14,3.0,27860074,,,OMNIBUS,49979,14:27810095-27860074,0.5357,2.0,rs992745|rs12887478,27810095
16.8,14,18.0,21271573,,,OMNIBUS,68414,14:21203159-21271573,0.5366,7.0,rs9671539|rs762039|rs1885318|rs1045922|rs8018557|rs12587462|rs10145636,21203159
2.176,14,3.0,101395706,,,OMNIBUS,34303,14:101361403-101395706,0.5366,2.0,rs4900479|rs2400963,101361403
5.055,14,6.0,101979288,,,OMNIBUS,33680,14:101945608-101979288,0.5368,3.0,rs4906124|rs2144067|rs3818079,101945608
1.243,14,2.0,72722205,,,OMNIBUS,45705,14:72676500-72722205,0.5372,2.0,rs17109092|rs847237,72676500
1.243,14,2.0,90043381,,,OMNIBUS,12274,14:90031107-90043381,0.5373,2.0,rs243183|rs243196,90031107
11.88,14,13.0,34651503,,,OMNIBUS,77020,14:34574483-34651503,0.5377,5.0,rs1431056|rs10498327|rs734205|rs712285|rs797340,34574483
5.041,14,6.0,77968581,,,OMNIBUS,125197,14:77843384-77968581,0.5385,4.0,rs3742737|rs11844594|rs3742728|rs8003820,77843384
6.007,14,7.0,29945203,,,OMNIBUS,28291,14:29916912-29945203,0.5389,4.0,rs10498304|rs4981701|rs4513008|rs10498306,29916912
10.87,14,12.0,23504021,,,OMNIBUS,181408,14:23322613-23504021,0.5399,5.0,rs4982695|rs1543505|rs2295682|rs941718|rs11543947,23322613
5.031,14,6.0,64914537,,,OMNIBUS,104532,14:64810005-64914537,0.5399,3.0,rs1256114|rs1950902|rs3818239,64810005
5.029,14,6.0,101145179,,,OMNIBUS,44593,14:101100586-101145179,0.5401,4.0,rs7144384|rs12883126|rs12892451|rs911337,101100586
7.938,14,9.0,64029781,,,OMNIBUS,89699,14:63940082-64029781,0.5404,10.0,rs1012145|rs11158493|rs1255627|rs1255639|rs1255771|rs12050157|rs1255784|rs1255718|rs972984|rs1255741,63940082
5.026,14,6.0,99802109,,,OMNIBUS,59922,14:99742187-99802109,0.5405,3.0,rs2664299|rs1257324|rs1257321,99742187
4.06,14,5.0,30985803,,,OMNIBUS,127391,14:30858412-30985803,0.5408,5.0,rs10483372|rs8007072|rs7155872|rs1956980|rs424964,30858412
2.154,14,3.0,72334903,,,OMNIBUS,16697,14:72318206-72334903,0.5411,2.0,rs2533059|rs36453,72318206
5.009,14,6.0,99547267,,,OMNIBUS,38032,14:99509235-99547267,0.5427,5.0,rs1257687|rs7141243|rs11625680|rs807363|rs2029614,99509235
6.943,14,8.0,105555396,,,OMNIBUS,119747,14:105435649-105555396,0.5428,4.0,rs736066|rs7157970|rs3809470|rs4983579,105435649
9.858,14,11.0,70489680,,,OMNIBUS,90788,14:70398892-70489680,0.5432,5.0,rs1276120|rs227398|rs7157956|rs227416|rs227405,70398892
4.042,14,5.0,42717951,,,OMNIBUS,240695,14:42477256-42717951,0.5434,3.0,rs10498361|rs8004273|rs1393835,42477256
7.897,14,9.0,51750463,,,OMNIBUS,167207,14:51583256-51750463,0.5445,5.0,rs3007091|rs3007168|rs7148539|rs4264315|rs4144431,51583256
7.877,14,9.0,80621907,,,OMNIBUS,194175,14:80427732-80621907,0.5465,4.0,rs1158314|rs1468843|rs1491491|rs433163,80427732
4.017,14,5.0,37687840,,,OMNIBUS,196004,14:37491836-37687840,0.547,3.0,rs2022725|rs2415385|rs10135285,37491836
1.204,14,2.0,91708195,,,OMNIBUS,3007,14:91705188-91708195,0.5477,2.0,rs933528|rs2540879,91705188
3.044,14,4.0,62482879,,,OMNIBUS,62273,14:62420606-62482879,0.5506,3.0,rs1254839|rs12372849|rs7161726,62420606
11.7,14,13.0,53861813,,,OMNIBUS,355922,14:53505891-53861813,0.5526,8.0,rs2150541|rs7146135|rs1364597|rs2161944|rs877018|rs1255277|rs1959839|rs2185823,53505891
6.84,14,8.0,101708609,,,OMNIBUS,23220,14:101685389-101708609,0.554,4.0,rs4906076|rs8013718|rs1615947|rs10139797,101685389
3.965,14,5.0,97516313,,,OMNIBUS,48512,14:97467801-97516313,0.5544,3.0,rs1290233|rs1884065|rs1884062,97467801
1.164,14,2.0,87002718,,,OMNIBUS,36742,14:86965976-87002718,0.5588,3.0,rs1954130|rs1954195|rs2096073,86965976
22.33,14,24.0,21275334,,,OMNIBUS,72175,14:21203159-21275334,0.5597,8.0,rs9671539|rs762039|rs1885318|rs1045922|rs8018557|rs12587462|rs10145636|rs743249,21203159
12.57,14,14.0,21265637,,,OMNIBUS,62478,14:21203159-21265637,0.5603,6.0,rs9671539|rs762039|rs1885318|rs1045922|rs8018557|rs12587462,21203159
3.922,14,5.0,25658914,,,OMNIBUS,32527,14:25626387-25658914,0.5607,4.0,rs1958375|rs17109642|rs1958678|rs1888366,25626387
26.22,14,28.0,25880510,,,OMNIBUS,254123,14:25626387-25880510,0.5608,11.0,rs1958375|rs17109642|rs1958678|rs1888366|rs1551767|rs1461556|rs1454368|rs1154182|rs11628723|rs1241303|rs941737,25626387
4.861,14,6.0,105139894,,,OMNIBUS,39873,14:105100021-105139894,0.5618,4.0,rs4983511|rs8023004|rs4074077|rs4247027,105100021
2.975,14,4.0,49148984,,,OMNIBUS,90512,14:49058472-49148984,0.562,3.0,rs10498409|rs1953896|rs1959566,49058472
6.765,14,8.0,59800800,,,OMNIBUS,200419,14:59600381-59800800,0.5622,4.0,rs8007532|rs2349130|rs7149497|rs1957409,59600381
15.45,14,17.0,44090709,,,OMNIBUS,394378,14:43696331-44090709,0.5628,12.0,rs3919704|rs1899156|rs8005238|rs974953|rs8015410|rs10498389|rs2009767|rs10498390|rs7146515|rs8019563|rs4906486|rs2415815,43696331
1.147,14,2.0,38146748,,,OMNIBUS,34878,14:38111870-38146748,0.5635,2.0,rs177852|rs1951646,38111870
2.042,14,3.0,101584818,,,OMNIBUS,27422,14:101557396-101584818,0.5638,2.0,rs2145505|rs4906047,101557396
3.898,14,5.0,20652555,,,OMNIBUS,74311,14:20578244-20652555,0.5641,3.0,rs3939209|rs914073|rs4981809,20578244
5.792,14,7.0,23861811,,,OMNIBUS,102655,14:23759156-23861811,0.5643,3.0,rs8017130|rs8014568|rs365990,23759156
1.144,14,2.0,51121700,,,OMNIBUS,164823,14:50956877-51121700,0.5645,2.0,rs11844437|rs10133849,50956877
14.45,14,16.0,22942149,,,OMNIBUS,150586,14:22791563-22942149,0.5654,8.0,rs2204990|rs4981423|rs3811244|rs3811240|rs2141988|rs2242545|rs1882705|rs2293732,22791563
4.825,14,6.0,64387468,,,OMNIBUS,157379,14:64230089-64387468,0.5665,3.0,rs4902242|rs4459477|rs12889954,64230089
9.597,14,11.0,94349487,,,OMNIBUS,40553,14:94308934-94349487,0.5669,4.0,rs12147189|rs2402366|rs3762144|rs8004291,94308934
13.45,14,15.0,63870931,,,OMNIBUS,253883,14:63617048-63870931,0.5678,7.0,rs7145983|rs17100818|rs10483764|rs7144994|rs7145040|rs718362|rs7144210,63617048
2.021,14,3.0,94337032,,,OMNIBUS,28098,14:94308934-94337032,0.5681,2.0,rs12147189|rs2402366,94308934
4.806,14,6.0,63047648,,,OMNIBUS,108919,14:62938729-63047648,0.5689,3.0,rs2883559|rs9323410|rs2046811,62938729
15.36,14,17.0,44085655,,,OMNIBUS,389324,14:43696331-44085655,0.5695,11.0,rs3919704|rs1899156|rs8005238|rs974953|rs8015410|rs10498389|rs2009767|rs10498390|rs7146515|rs8019563|rs4906486,43696331
1.123,14,2.0,32890538,,,OMNIBUS,6443,14:32884095-32890538,0.5704,2.0,rs941742|rs2383301,32884095
2.006,14,3.0,65634797,,,OMNIBUS,16142,14:65618655-65634797,0.5712,2.0,rs2411993|rs11621526,65618655
5.729,14,7.0,22590996,,,OMNIBUS,46603,14:22544393-22590996,0.5717,5.0,rs7142153|rs990962|rs4572291|rs1040302|rs2178785,22544393
2.002,14,3.0,40513267,,,OMNIBUS,165910,14:40347357-40513267,0.5719,2.0,rs1957197|rs9323014,40347357
1.999,14,3.0,72619040,,,OMNIBUS,11718,14:72607322-72619040,0.5726,2.0,rs2283416|rs149689,72607322
11.45,14,13.0,57920445,,,OMNIBUS,408284,14:57512161-57920445,0.5729,6.0,rs4901758|rs4898927|rs7144018|rs1057737|rs1058010|rs1495471,57512161
7.609,14,9.0,46607899,,,OMNIBUS,710569,14:45897330-46607899,0.574,4.0,rs4900672|rs2014547|rs981951|rs8008719,45897330
3.798,14,5.0,30905631,,,OMNIBUS,47219,14:30858412-30905631,0.5788,4.0,rs10483372|rs8007072|rs7155872|rs1956980,30858412
1.963,14,3.0,41107712,,,OMNIBUS,220460,14:40887252-41107712,0.58,2.0,rs7142594|rs7151345,40887252
13.27,14,15.0,51261672,,,OMNIBUS,304795,14:50956877-51261672,0.5813,13.0,rs11844437|rs10133849|rs4901047|rs3015469|rs8020441|rs6572692|rs9323192|rs11376|rs11850340|rs12882191|rs3783281|rs7143959|rs10137294,50956877
3.778,14,5.0,27184799,,,OMNIBUS,30739,14:27154060-27184799,0.5818,4.0,rs1950419|rs1955838|rs4981627|rs1950413,27154060
1.952,14,3.0,100300243,,,OMNIBUS,23536,14:100276707-100300243,0.5824,2.0,rs10141863|rs7160423,100276707
13.25,14,15.0,99216959,,,OMNIBUS,67282,14:99149677-99216959,0.5832,7.0,rs7147818|rs1950485|rs4905741|rs8018433|rs1022633|rs17097744|rs4343209,99149677
8.468,14,10.0,93596085,,,OMNIBUS,184181,14:93411904-93596085,0.5832,4.0,rs3783925|rs2749509|rs957362|rs12434958,93411904
9.418,14,11.0,63742585,,,OMNIBUS,125537,14:63617048-63742585,0.5834,6.0,rs7145983|rs17100818|rs10483764|rs7144994|rs7145040|rs718362,63617048
2.849,14,4.0,54458078,,,OMNIBUS,28723,14:54429355-54458078,0.5835,3.0,rs1957860|rs11157994|rs1957844,54429355
1.072,14,2.0,78606824,,,OMNIBUS,25384,14:78581440-78606824,0.5852,2.0,rs7156712|rs888412,78581440
1.934,14,3.0,87612890,,,OMNIBUS,52720,14:87560170-87612890,0.5862,2.0,rs12586410|rs11624852,87560170
1.931,14,3.0,99790540,,,OMNIBUS,48353,14:99742187-99790540,0.5869,2.0,rs2664299|rs1257324,99742187
1.063,14,2.0,27326991,,,OMNIBUS,33549,14:27293442-27326991,0.5877,2.0,rs10483324|rs4127782,27293442
3.736,14,5.0,80776736,,,OMNIBUS,164332,14:80612404-80776736,0.5881,3.0,rs996211|rs4903904|rs178954,80612404
2.821,14,4.0,91729406,,,OMNIBUS,24218,14:91705188-91729406,0.5882,3.0,rs933528|rs2540879|rs7159692,91705188
1.919,14,3.0,22611467,,,OMNIBUS,5217,14:22606250-22611467,0.5894,3.0,rs7150327|rs8010032|rs7143714,22606250
2.805,14,4.0,27895275,,,OMNIBUS,85180,14:27810095-27895275,0.591,3.0,rs992745|rs12887478|rs4983243,27810095
4.627,14,6.0,37067307,,,OMNIBUS,66526,14:37000781-37067307,0.5924,4.0,rs1956964|rs427490|rs8010068|rs2073250,37000781
1.046,14,2.0,79415313,,,OMNIBUS,26882,14:79388431-79415313,0.5927,2.0,rs31349|rs31437,79388431
1.901,14,3.0,44674826,,,OMNIBUS,54134,14:44620692-44674826,0.5931,2.0,rs7157808|rs7154765,44620692
1.898,14,3.0,53379842,,,OMNIBUS,90561,14:53289281-53379842,0.5938,4.0,rs11625993|rs1998777|rs2025633|rs8007536,53289281
6.472,14,8.0,97665319,,,OMNIBUS,46907,14:97618412-97665319,0.5945,4.0,rs7153003|rs12432865|rs9323964|rs1958170,97618412
1.037,14,2.0,30587928,,,OMNIBUS,2294,14:30585634-30587928,0.5953,2.0,rs190123|rs8011977,30585634
6.464,14,8.0,22428984,,,OMNIBUS,46910,14:22382074-22428984,0.5954,5.0,rs2293729|rs4981390|rs723879|rs11629117|rs1040297,22382074
4.605,14,6.0,35745642,,,OMNIBUS,199704,14:35545938-35745642,0.5954,3.0,rs1712354|rs6571696|rs3742370,35545938
12.13,14,14.0,57412981,,,OMNIBUS,143156,14:57269825-57412981,0.5955,6.0,rs698015|rs198262|rs198252|rs850270|rs709977|rs709986,57269825
12.1,14,14.0,25792749,,,OMNIBUS,166362,14:25626387-25792749,0.598,8.0,rs1958375|rs17109642|rs1958678|rs1888366|rs1551767|rs1461556|rs1454368|rs1154182,25626387
15.89,14,18.0,30372765,,,OMNIBUS,369527,14:30003238-30372765,0.6002,7.0,rs1191545|rs1191543|rs4144016|rs1998355|rs2273814|rs1958988|rs7145714,30003238
1.868,14,3.0,89799122,,,OMNIBUS,50240,14:89748882-89799122,0.6003,2.0,rs2182472|rs10130093,89748882
11.11,14,13.0,96107955,,,OMNIBUS,72099405,14:24008550-96107955,0.6014,6.0,rs3783438|rs10782485|rs8012206|rs2208663|rs911685|rs7148498,24008550
8.282,14,10.0,92323910,,,OMNIBUS,132560,14:92191350-92323910,0.6014,5.0,rs3814837|rs7148745|rs10498632|rs2402076|rs759232,92191350
10.15,14,12.0,96042876,,,OMNIBUS,72034326,14:24008550-96042876,0.6025,4.0,rs3783438|rs10782485|rs8012206|rs2208663,24008550
1.011,14,2.0,91859263,,,OMNIBUS,12583,14:91846680-91859263,0.6033,2.0,rs8015982|rs1951251,91846680
1.849,14,3.0,100994045,,,OMNIBUS,105492,14:100888553-100994045,0.6043,2.0,rs1951522|rs7142209,100888553
5.457,14,7.0,101056280,,,OMNIBUS,167727,14:100888553-101056280,0.6044,3.0,rs1951522|rs7142209|rs11850952,100888553
1.847,14,3.0,26478161,,,OMNIBUS,12671,14:26465490-26478161,0.6048,2.0,rs2753593|rs862966,26465490
9.181,14,11.0,34471005,,,OMNIBUS,57179,14:34413826-34471005,0.6051,4.0,rs1629140|rs8003133|rs900360|rs12897122,34413826
0.9977,14,2.0,29049457,,,OMNIBUS,12720,14:29036737-29049457,0.6072,2.0,rs176294|rs12435853,29036737
11.98,14,14.0,68959711,,,OMNIBUS,172924,14:68786787-68959711,0.6076,8.0,rs9323505|rs11628653|rs8014025|rs12889770|rs7359088|rs3784121|rs12587397|rs4899244,68786787
6.344,14,8.0,95145969,,,OMNIBUS,48413,14:95097556-95145969,0.6088,4.0,rs8023057|rs4905226|rs1950293|rs7146876,95097556
0.9922,14,2.0,66755127,,,OMNIBUS,51558,14:66703569-66755127,0.6089,2.0,rs1434903|rs17182091,66703569
1.822,14,3.0,47925920,,,OMNIBUS,340451,14:47585469-47925920,0.6102,2.0,rs2416024|rs12588764,47585469
1.818,14,3.0,21562560,,,OMNIBUS,21697,14:21540863-21562560,0.611,2.0,rs1952151|rs7149011,21540863
19.53,14,22.0,20862542,,,OMNIBUS,150220,14:20712322-20862542,0.6125,7.0,rs11851004|rs8010116|rs3784244|rs3093872|rs1760921|rs1760904|rs4982038,20712322
14.72,14,17.0,58042753,,,OMNIBUS,530592,14:57512161-58042753,0.6158,7.0,rs4901758|rs4898927|rs7144018|rs1057737|rs1058010|rs1495471|rs11623923,57512161
1.795,14,3.0,70823932,,,OMNIBUS,69425,14:70754507-70823932,0.616,3.0,rs12889575|rs2332422|rs2877657,70754507
11.87,14,14.0,69277341,,,OMNIBUS,187855,14:69089486-69277341,0.6164,6.0,rs761951|rs1007841|rs7159916|rs11629182|rs4902647|rs8019383,69089486
9.053,14,11.0,51213555,,,OMNIBUS,256678,14:50956877-51213555,0.617,9.0,rs11844437|rs10133849|rs4901047|rs3015469|rs8020441|rs6572692|rs9323192|rs11376|rs11850340,50956877
2.652,14,4.0,33033695,,,OMNIBUS,18826,14:33014869-33033695,0.6177,3.0,rs3742926|rs1956204|rs8015914,33014869
3.532,14,5.0,40517426,,,OMNIBUS,170069,14:40347357-40517426,0.6186,3.0,rs1957197|rs9323014|rs10483512,40347357
3.531,14,5.0,76801920,,,OMNIBUS,21453,14:76780467-76801920,0.6187,3.0,rs7145561|rs11624232|rs2360995,76780467
3.53,14,5.0,56413766,,,OMNIBUS,18573,14:56395193-56413766,0.6188,3.0,rs7359067|rs8020688|rs11623085,56395193
3.529,14,5.0,93239329,,,OMNIBUS,45003,14:93194326-93239329,0.619,3.0,rs1242105|rs8010729|rs4904982,93194326
13.73,14,16.0,51241489,,,OMNIBUS,284612,14:50956877-51241489,0.6191,11.0,rs11844437|rs10133849|rs4901047|rs3015469|rs8020441|rs6572692|rs9323192|rs11376|rs11850340|rs12882191|rs3783281,50956877
1.78,14,3.0,99623030,,,OMNIBUS,18445,14:99604585-99623030,0.6193,3.0,rs870827|rs1273226|rs1152774,99604585
23.23,14,26.0,25955502,,,OMNIBUS,329115,14:25626387-25955502,0.62,12.0,rs1958375|rs17109642|rs1958678|rs1888366|rs1551767|rs1461556|rs1454368|rs1154182|rs11628723|rs1241303|rs941737|rs1950427,25626387
0.9551,14,2.0,22567561,,,OMNIBUS,23168,14:22544393-22567561,0.6203,2.0,rs7142153|rs990962,22544393
13.7,14,16.0,22930038,,,OMNIBUS,138475,14:22791563-22930038,0.6208,7.0,rs2204990|rs4981423|rs3811244|rs3811240|rs2141988|rs2242545|rs1882705,22791563
0.9477,14,2.0,28352815,,,OMNIBUS,19397,14:28333418-28352815,0.6226,2.0,rs4143693|rs4559841,28333418
4.399,14,6.0,90885551,,,OMNIBUS,149844,14:90735707-90885551,0.6228,4.0,rs3742673|rs2282032|rs4391997|rs4904690,90735707
7.136,14,9.0,98449920,,,OMNIBUS,113302,14:98336618-98449920,0.623,4.0,rs2809137|rs2607032|rs2607055|rs8005571,98336618
5.304,14,7.0,30706026,,,OMNIBUS,183262,14:30522764-30706026,0.623,4.0,rs225949|rs10483388|rs9652310|rs12436395,30522764
6.213,14,8.0,105574843,,,OMNIBUS,139194,14:105435649-105574843,0.6233,5.0,rs736066|rs7157970|rs3809470|rs4983579|rs9324081,105435649
4.394,14,6.0,59777599,,,OMNIBUS,177218,14:59600381-59777599,0.6235,3.0,rs8007532|rs2349130|rs7149497,59600381
0.9427,14,2.0,26773931,,,OMNIBUS,10528,14:26763403-26773931,0.6242,2.0,rs11846747|rs991446,26763403
21.24,14,24.0,96171851,,,OMNIBUS,72163301,14:24008550-96171851,0.6246,11.0,rs3783438|rs10782485|rs8012206|rs2208663|rs911685|rs7148498|rs1748963|rs1748935|rs1743506|rs1748952|rs2369049,24008550
5.284,14,7.0,103024080,,,OMNIBUS,166284,14:102857796-103024080,0.6254,4.0,rs8008097|rs1005776|rs11624218|rs2277468,102857796
1.744,14,3.0,93186594,,,OMNIBUS,72773,14:93113821-93186594,0.6271,2.0,rs7150776|rs12586718,93113821
6.18,14,8.0,40206194,,,OMNIBUS,125227,14:40080967-40206194,0.6271,4.0,rs7141430|rs744511|rs12889713|rs9323003,40080967
5.268,14,7.0,30043269,,,OMNIBUS,40031,14:30003238-30043269,0.6273,4.0,rs1191545|rs1191543|rs4144016|rs1998355,30003238
1.737,14,3.0,20920250,,,OMNIBUS,10778,14:20909472-20920250,0.6287,2.0,rs17277375|rs2275007,20909472
6.161,14,8.0,52308314,,,OMNIBUS,63982,14:52244332-52308314,0.6292,5.0,rs8019691|rs4441186|rs4399475|rs17124529|rs10498437,52244332
0.926,14,2.0,43760949,,,OMNIBUS,64618,14:43696331-43760949,0.6294,2.0,rs3919704|rs1899156,43696331
1.732,14,3.0,21871653,,,OMNIBUS,108245,14:21763408-21871653,0.6298,2.0,rs8009098|rs8022395,21763408
9.834,14,12.0,96047547,,,OMNIBUS,72038997,14:24008550-96047547,0.6305,5.0,rs3783438|rs10782485|rs8012206|rs2208663|rs911685,24008550
6.143,14,8.0,34627202,,,OMNIBUS,52719,14:34574483-34627202,0.6312,4.0,rs1431056|rs10498327|rs734205|rs712285,34574483
4.336,14,6.0,56045411,,,OMNIBUS,393858,14:55651553-56045411,0.6313,5.0,rs8003961|rs12894700|rs3742570|rs6573038|rs10083493,55651553
6.137,14,8.0,96543481,,,OMNIBUS,72534931,14:24008550-96543481,0.6319,15.0,rs3783438|rs10782485|rs8012206|rs2208663|rs911685|rs7148498|rs1748963|rs1748935|rs1743506|rs1748952|rs2369049|rs4905389|rs12879561|rs717952|rs10131278,24008550
0.9126,14,2.0,50675487,,,OMNIBUS,58609,14:50616878-50675487,0.6336,2.0,rs2229869|rs8017367,50616878
8.873,14,11.0,53849832,,,OMNIBUS,343941,14:53505891-53849832,0.6336,7.0,rs2150541|rs7146135|rs1364597|rs2161944|rs877018|rs1255277|rs1959839,53505891
6.116,14,8.0,63687292,,,OMNIBUS,70244,14:63617048-63687292,0.6342,5.0,rs7145983|rs17100818|rs10483764|rs7144994|rs7145040,63617048
1.711,14,3.0,65767333,,,OMNIBUS,62075,14:65705258-65767333,0.6344,3.0,rs4299072|rs1256531|rs1269068,65705258
2.553,14,4.0,26533549,,,OMNIBUS,68059,14:26465490-26533549,0.6352,3.0,rs2753593|rs862966|rs2332634,26465490
1.706,14,3.0,105126354,,,OMNIBUS,26333,14:105100021-105126354,0.6355,3.0,rs4983511|rs8023004|rs4074077,105100021
0.9055,14,2.0,91425021,,,OMNIBUS,82340,14:91342681-91425021,0.6359,2.0,rs1286264|rs1296092,91342681
1.699,14,3.0,91332366,,,OMNIBUS,21321,14:91311045-91332366,0.6371,2.0,rs7153606|rs8015286,91311045
15.35,14,18.0,24809795,,,OMNIBUS,259571,14:24550224-24809795,0.638,8.0,rs3561|rs2277483|rs17184526|rs7158744|rs11627187|rs4568|rs2295307|rs3212247,24550224
1.695,14,3.0,48431057,,,OMNIBUS,33991,14:48397066-48431057,0.638,2.0,rs7141615|rs2770390,48397066
8.797,14,11.0,94187832,,,OMNIBUS,504971,14:93682861-94187832,0.6406,5.0,rs3783899|rs2905|rs1263429|rs11160134|rs1887197,93682861
1.684,14,3.0,86267543,,,OMNIBUS,262572,14:86004971-86267543,0.6406,3.0,rs2372922|rs1950177|rs1022849,86004971
2.516,14,4.0,25157600,,,OMNIBUS,112011,14:25045589-25157600,0.6418,3.0,rs12878578|rs2236338|rs4982987,25045589
6.951,14,9.0,39531281,,,OMNIBUS,195129,14:39336152-39531281,0.6422,4.0,rs8008452|rs1957064|rs1022713|rs3742354,39336152
6.95,14,9.0,77616002,,,OMNIBUS,25819,14:77590183-77616002,0.6424,4.0,rs888066|rs2041822|rs2021852|rs158120,77590183
20.92,14,24.0,77696624,,,OMNIBUS,106441,14:77590183-77696624,0.6433,10.0,rs888066|rs2041822|rs2021852|rs158120|rs158105|rs1911728|rs1861420|rs2655997|rs454840|rs391966,77590183
18.09,14,21.0,69778370,,,OMNIBUS,460108,14:69318262-69778370,0.6435,10.0,rs8003722|rs181455|rs2268968|rs2300875|rs173321|rs12587583|rs3211166|rs7493080|rs1890941|rs10459533,69318262
4.242,14,6.0,25659402,,,OMNIBUS,33015,14:25626387-25659402,0.6439,5.0,rs1958375|rs17109642|rs1958678|rs1888366|rs1551767,25626387
10.59,14,13.0,98691897,,,OMNIBUS,355279,14:98336618-98691897,0.6447,6.0,rs2809137|rs2607032|rs2607055|rs8005571|rs876188|rs12434129,98336618
13.37,14,16.0,45208776,,,OMNIBUS,305343,14:44903433-45208776,0.6454,8.0,rs10137318|rs438402|rs1959375|rs1953582|rs17115288|rs1959362|rs17115384|rs7157755,44903433
1.661,14,3.0,57002857,,,OMNIBUS,48459,14:56954398-57002857,0.6457,2.0,rs1890905|rs10133451,56954398
0.8732,14,2.0,35975341,,,OMNIBUS,45146,14:35930195-35975341,0.6462,2.0,rs4982279|rs9322955,35930195
3.348,14,5.0,85981306,,,OMNIBUS,97000,14:85884306-85981306,0.6465,4.0,rs10498593|rs2372919|rs12589387|rs7145613,85884306
1.657,14,3.0,90233310,,,OMNIBUS,139935,14:90093375-90233310,0.6466,2.0,rs12436615|rs7160734,90093375
1.641,14,3.0,94623337,,,OMNIBUS,34233,14:94589104-94623337,0.6501,2.0,rs4905164|rs927140,94589104
0.8534,14,2.0,89864848,,,OMNIBUS,7123,14:89857725-89864848,0.6527,2.0,rs3783848|rs2896108,89857725
3.303,14,5.0,29943239,,,OMNIBUS,26327,14:29916912-29943239,0.6534,3.0,rs10498304|rs4981701|rs4513008,29916912
2.449,14,4.0,99691180,,,OMNIBUS,23493,14:99667687-99691180,0.6537,3.0,rs3936653|rs807733|rs2614459,99667687
0.8476,14,2.0,85915978,,,OMNIBUS,31672,14:85884306-85915978,0.6545,2.0,rs10498593|rs2372919,85884306
3.287,14,5.0,32368934,,,OMNIBUS,453718,14:31915216-32368934,0.6558,3.0,rs17097892|rs8009673|rs1953273,31915216
1.615,14,3.0,100691178,,,OMNIBUS,31212,14:100659966-100691178,0.656,3.0,rs2757526|rs2766692|rs756055,100659966
1.614,14,3.0,51124227,,,OMNIBUS,167350,14:50956877-51124227,0.6562,3.0,rs11844437|rs10133849|rs4901047,50956877
6.816,14,9.0,34928014,,,OMNIBUS,80404,14:34847610-34928014,0.6563,4.0,rs10498329|rs7159330|rs10132233|rs2807767,34847610
6.812,14,9.0,78007871,,,OMNIBUS,164487,14:77843384-78007871,0.6566,5.0,rs3742737|rs11844594|rs3742728|rs8003820|rs1554957,77843384
16.93,14,20.0,96133913,,,OMNIBUS,72125363,14:24008550-96133913,0.6572,7.0,rs3783438|rs10782485|rs8012206|rs2208663|rs911685|rs7148498|rs1748963,24008550
4.141,14,6.0,56511463,,,OMNIBUS,70371,14:56441092-56511463,0.6576,3.0,rs4097|rs1188179|rs241529,56441092
8.61,14,11.0,99823019,,,OMNIBUS,80832,14:99742187-99823019,0.6578,4.0,rs2664299|rs1257324|rs1257321|rs1810114,99742187
1.607,14,3.0,81744736,,,OMNIBUS,137075,14:81607661-81744736,0.6578,2.0,rs733234|rs3813535,81607661
5.892,14,8.0,26195662,,,OMNIBUS,45152,14:26150510-26195662,0.6594,4.0,rs12893752|rs1951039|rs1956760|rs2332617,26150510
1.6,14,3.0,37153163,,,OMNIBUS,4201,14:37148962-37153163,0.6594,2.0,rs1884213|rs1884217,37148962
20.64,14,24.0,77722467,,,OMNIBUS,132284,14:77590183-77722467,0.66,11.0,rs888066|rs2041822|rs2021852|rs158120|rs158105|rs1911728|rs1861420|rs2655997|rs454840|rs391966|rs733416,77590183
5.879,14,8.0,83372156,,,OMNIBUS,67611,14:83304545-83372156,0.6608,4.0,rs1959010|rs1024307|rs7156012|rs10498554,83304545
1.591,14,3.0,95491088,,,OMNIBUS,18384,14:95472704-95491088,0.6615,3.0,rs10140275|rs2353567|rs8021127,95472704
15.0,14,18.0,95441562,,,OMNIBUS,79873,14:95361689-95441562,0.6617,6.0,rs1768112|rs1768111|rs1243582|rs1109353|rs2798819|rs7154873,95361689
2.394,14,4.0,77302449,,,OMNIBUS,47613,14:77254836-77302449,0.6636,3.0,rs2242624|rs768297|rs3742752,77254836
5.835,14,8.0,63994731,,,OMNIBUS,54649,14:63940082-63994731,0.6658,6.0,rs1012145|rs11158493|rs1255627|rs1255639|rs1255771|rs12050157,63940082
3.22,14,5.0,84463196,,,OMNIBUS,186049,14:84277147-84463196,0.6661,3.0,rs6574757|rs2210184|rs10139559,84277147
3.202,14,5.0,22580623,,,OMNIBUS,36230,14:22544393-22580623,0.6688,4.0,rs7142153|rs990962|rs4572291|rs1040302,22544393
3.185,14,5.0,62207557,,,OMNIBUS,114684,14:62092873-62207557,0.6715,4.0,rs2244057|rs2301106|rs1951795|rs11549465,62092873
10.27,14,13.0,66266677,,,OMNIBUS,561419,14:65705258-66266677,0.6716,6.0,rs4299072|rs1256531|rs1269068|rs10132229|rs2411351|rs9323465,65705258
6.656,14,9.0,66171541,,,OMNIBUS,466283,14:65705258-66171541,0.6728,5.0,rs4299072|rs1256531|rs1269068|rs10132229|rs2411351,65705258
9.34,14,12.0,101869029,,,OMNIBUS,73674,14:101795355-101869029,0.6736,5.0,rs2151762|rs945020|rs1959025|rs11621338|rs9324033,101795355
2.338,14,4.0,33574670,,,OMNIBUS,22745,14:33551925-33574670,0.6739,4.0,rs7145093|rs2152402|rs17538030|rs974002,33551925
3.17,14,5.0,76951373,,,OMNIBUS,64845,14:76886528-76951373,0.6739,3.0,rs2361285|rs9944037|rs7155416,76886528
3.165,14,5.0,58799361,,,OMNIBUS,313150,14:58486211-58799361,0.6746,3.0,rs1955634|rs2223934|rs941752,58486211
10.22,14,13.0,65045056,,,OMNIBUS,235051,14:64810005-65045056,0.6757,8.0,rs1256114|rs1950902|rs3818239|rs745686|rs3742609|rs2123463|rs3742604|rs10498515,64810005
4.869,14,7.0,105148655,,,OMNIBUS,48634,14:105100021-105148655,0.6759,5.0,rs4983511|rs8023004|rs4074077|rs4247027|rs4983526,105100021
3.156,14,5.0,75734471,,,OMNIBUS,24905,14:75709566-75734471,0.676,3.0,rs8013918|rs741847|rs8004059,75709566
6.619,14,9.0,29957620,,,OMNIBUS,40708,14:29916912-29957620,0.6767,5.0,rs10498304|rs4981701|rs4513008|rs10498306|rs1191571,29916912
1.522,14,3.0,61908332,,,OMNIBUS,15141,14:61893191-61908332,0.6771,2.0,rs11621346|rs1957895,61893191
4.844,14,7.0,38658768,,,OMNIBUS,316092,14:38342676-38658768,0.679,4.0,rs1952790|rs2415449|rs2803921|rs2812086,38342676
1.51,14,3.0,91886691,,,OMNIBUS,40011,14:91846680-91886691,0.6799,3.0,rs8015982|rs1951251|rs7152572,91846680
0.7682,14,2.0,65747759,,,OMNIBUS,42501,14:65705258-65747759,0.6811,2.0,rs4299072|rs1256531,65705258
0.7658,14,2.0,104608068,,,OMNIBUS,26996,14:104581072-104608068,0.6819,2.0,rs1557012|rs2011069,104581072
2.283,14,4.0,43799094,,,OMNIBUS,102763,14:43696331-43799094,0.6838,3.0,rs3919704|rs1899156|rs8005238,43696331
3.946,14,6.0,51543179,,,OMNIBUS,28103,14:51515076-51543179,0.684,3.0,rs12434043|rs4243569|rs11157795,51515076
1.489,14,3.0,34273570,,,OMNIBUS,87525,14:34186045-34273570,0.6849,2.0,rs9806087|rs10149796,34186045
9.21,14,12.0,34985645,,,OMNIBUS,138035,14:34847610-34985645,0.6849,5.0,rs10498329|rs7159330|rs10132233|rs2807767|rs7797,34847610
3.092,14,5.0,65777560,,,OMNIBUS,72302,14:65705258-65777560,0.6858,4.0,rs4299072|rs1256531|rs1269068|rs10132229,65705258
5.64,14,8.0,57363700,,,OMNIBUS,93875,14:57269825-57363700,0.6874,4.0,rs698015|rs198262|rs198252|rs850270,57269825
1.477,14,3.0,74749177,,,OMNIBUS,54328,14:74694849-74749177,0.6877,2.0,rs1548768|rs7157201,74694849
2.257,14,4.0,50433111,,,OMNIBUS,26285,14:50406826-50433111,0.6886,3.0,rs7159113|rs7155791|rs1463411,50406826
3.905,14,6.0,54469737,,,OMNIBUS,40382,14:54429355-54469737,0.6896,4.0,rs1957860|rs11157994|rs1957844|rs4901474,54429355
1.468,14,3.0,78770066,,,OMNIBUS,1182,14:78768884-78770066,0.6897,2.0,rs1523132|rs2205163,78768884
0.7429,14,2.0,26127838,,,OMNIBUS,9963,14:26117875-26127838,0.6897,2.0,rs7159800|rs10483303,26117875
3.063,14,5.0,58141799,,,OMNIBUS,86820,14:58054979-58141799,0.6903,3.0,rs12896156|rs1745690|rs10431700,58054979
6.485,14,9.0,99729963,,,OMNIBUS,62276,14:99667687-99729963,0.6906,4.0,rs3936653|rs807733|rs2614459|rs941519,99667687
0.74,14,2.0,97417510,,,OMNIBUS,172912,14:97244598-97417510,0.6907,2.0,rs17280541|rs856271,97244598
3.059,14,5.0,36454920,,,OMNIBUS,24457,14:36430463-36454920,0.6909,3.0,rs8013122|rs7147797|rs408462,36430463
1.46,14,3.0,70828498,,,OMNIBUS,73991,14:70754507-70828498,0.6915,4.0,rs12889575|rs2332422|rs2877657|rs3759774,70754507
3.883,14,6.0,82901413,,,OMNIBUS,195783,14:82705630-82901413,0.6926,3.0,rs799103|rs1152422|rs1198403,82705630
3.044,14,5.0,83402053,,,OMNIBUS,25673,14:83376380-83402053,0.6932,3.0,rs10498556|rs1959730|rs12436257,83376380
2.232,14,4.0,27402506,,,OMNIBUS,109064,14:27293442-27402506,0.6932,4.0,rs10483324|rs4127782|rs1956061|rs978082,27293442
4.721,14,7.0,72359993,,,OMNIBUS,41787,14:72318206-72359993,0.6939,4.0,rs2533059|rs36453|rs36409|rs36400,72318206
0.7244,14,2.0,77843814,,,OMNIBUS,430,14:77843384-77843814,0.6961,2.0,rs3742737|rs11844594,77843384
7.307,14,10.0,26247465,,,OMNIBUS,96955,14:26150510-26247465,0.6962,5.0,rs12893752|rs1951039|rs1956760|rs2332617|rs1959787,26150510
7.3,14,10.0,36476013,,,OMNIBUS,45550,14:36430463-36476013,0.6969,4.0,rs8013122|rs7147797|rs408462|rs847499,36430463
1.435,14,3.0,53407575,,,OMNIBUS,15832,14:53391743-53407575,0.6973,2.0,rs1570878|rs1112777,53391743
4.693,14,7.0,95534869,,,OMNIBUS,62165,14:95472704-95534869,0.6973,4.0,rs10140275|rs2353567|rs8021127|rs2353726,95472704
9.049,14,12.0,84104059,,,OMNIBUS,95207,14:84008852-84104059,0.6987,6.0,rs1241940|rs1763546|rs17118868|rs1953454|rs7144922|rs12887744,84008852
1.427,14,3.0,32342702,,,OMNIBUS,427486,14:31915216-32342702,0.6993,2.0,rs17097892|rs8009673,31915216
1.426,14,3.0,64346190,,,OMNIBUS,116101,14:64230089-64346190,0.6994,2.0,rs4902242|rs4459477,64230089
5.527,14,8.0,63395660,,,OMNIBUS,170288,14:63225372-63395660,0.7001,4.0,rs4902186|rs243149|rs10136789|rs6573466,63225372
3.826,14,6.0,54473799,,,OMNIBUS,44444,14:54429355-54473799,0.7003,5.0,rs1957860|rs11157994|rs1957844|rs4901474|rs7149949,54429355
8.143,14,11.0,57399789,,,OMNIBUS,129964,14:57269825-57399789,0.7005,5.0,rs698015|rs198262|rs198252|rs850270|rs709977,57269825
2.992,14,5.0,38625943,,,OMNIBUS,283267,14:38342676-38625943,0.7013,3.0,rs1952790|rs2415449|rs2803921,38342676
9.897,14,13.0,63444621,,,OMNIBUS,219249,14:63225372-63444621,0.7023,6.0,rs4902186|rs243149|rs10136789|rs6573466|rs2356097|rs10450921,63225372
2.983,14,5.0,62171426,,,OMNIBUS,78553,14:62092873-62171426,0.7026,3.0,rs2244057|rs2301106|rs1951795,62092873
7.24,14,10.0,73304565,,,OMNIBUS,116491,14:73188074-73304565,0.7026,4.0,rs740974|rs10144553|rs4903068|rs11622224,73188074
3.803,14,6.0,71707567,,,OMNIBUS,59495,14:71648072-71707567,0.7033,3.0,rs917063|rs8005382|rs1000449,71648072
4.638,14,7.0,31002112,,,OMNIBUS,143700,14:30858412-31002112,0.704,6.0,rs10483372|rs8007072|rs7155872|rs1956980|rs424964|rs8008199,30858412
3.791,14,6.0,63668333,,,OMNIBUS,51285,14:63617048-63668333,0.705,4.0,rs7145983|rs17100818|rs10483764|rs7144994,63617048
15.24,14,19.0,65142239,,,OMNIBUS,332234,14:64810005-65142239,0.7071,11.0,rs1256114|rs1950902|rs3818239|rs745686|rs3742609|rs2123463|rs3742604|rs10498515|rs11850291|rs10498516|rs6573563,64810005
1.384,14,3.0,93350376,,,OMNIBUS,4511,14:93345865-93350376,0.7094,2.0,rs7159455|rs4905002,93345865
5.435,14,8.0,66597985,,,OMNIBUS,129224,14:66468761-66597985,0.7103,4.0,rs1147443|rs1147437|rs975231|rs17754686,66468761
1.376,14,3.0,93229219,,,OMNIBUS,34893,14:93194326-93229219,0.7111,2.0,rs1242105|rs8010729,93194326
8.904,14,12.0,65026242,,,OMNIBUS,216237,14:64810005-65026242,0.7111,7.0,rs1256114|rs1950902|rs3818239|rs745686|rs3742609|rs2123463|rs3742604,64810005
1.374,14,3.0,38597927,,,OMNIBUS,255251,14:38342676-38597927,0.7116,2.0,rs1952790|rs2415449,38342676
9.772,14,13.0,23956503,,,OMNIBUS,197347,14:23759156-23956503,0.7125,7.0,rs8017130|rs8014568|rs365990|rs388914|rs12147570|rs1951154|rs12436235,23759156
10.66,14,14.0,34480514,,,OMNIBUS,66688,14:34413826-34480514,0.7127,5.0,rs1629140|rs8003133|rs900360|rs12897122|rs974673,34413826
7.121,14,10.0,60652103,,,OMNIBUS,551136,14:60100967-60652103,0.714,4.0,rs4898998|rs12885453|rs10483719|rs170056,60100967
10.64,14,14.0,65049394,,,OMNIBUS,239389,14:64810005-65049394,0.7144,9.0,rs1256114|rs1950902|rs3818239|rs745686|rs3742609|rs2123463|rs3742604|rs10498515|rs11850291,64810005
1.354,14,3.0,100055722,,,OMNIBUS,13361,14:100042361-100055722,0.7164,2.0,rs941557|rs8017842,100042361
1.352,14,3.0,47736294,,,OMNIBUS,115746,14:47620548-47736294,0.7169,2.0,rs1952220|rs2148509,47620548
19.63,14,24.0,33657980,,,OMNIBUS,106055,14:33551925-33657980,0.7177,9.0,rs7145093|rs2152402|rs17538030|rs974002|rs10483423|rs4143873|rs17100283|rs6571585|rs912857,33551925
1.347,14,3.0,99070367,,,OMNIBUS,20792,14:99049575-99070367,0.7181,2.0,rs2145524|rs1951094,99049575
8.804,14,12.0,21006107,,,OMNIBUS,46097,14:20960010-21006107,0.7196,4.0,rs7161172|rs4982140|rs4981223|rs1243701,20960010
11.43,14,15.0,44188271,,,OMNIBUS,491940,14:43696331-44188271,0.7214,15.0,rs3919704|rs1899156|rs8005238|rs974953|rs8015410|rs10498389|rs2009767|rs10498390|rs7146515|rs8019563|rs4906486|rs2415815|rs11157362|rs4900643|rs1957265,43696331
5.33,14,8.0,64000774,,,OMNIBUS,60692,14:63940082-64000774,0.7218,7.0,rs1012145|rs11158493|rs1255627|rs1255639|rs1255771|rs12050157|rs1255784,63940082
1.326,14,3.0,52332508,,,OMNIBUS,17391,14:52315117-52332508,0.723,2.0,rs2748141|rs4898720,52315117
2.847,14,5.0,20780367,,,OMNIBUS,68045,14:20712322-20780367,0.7236,3.0,rs11851004|rs8010116|rs3784244,20712322
8.733,14,12.0,71092256,,,OMNIBUS,337749,14:70754507-71092256,0.7256,7.0,rs12889575|rs2332422|rs2877657|rs3759774|rs11621756|rs10483831|rs8014671,70754507
2.054,14,4.0,101635217,,,OMNIBUS,77821,14:101557396-101635217,0.7258,3.0,rs2145505|rs4906047|rs7142743,101557396
14.04,14,18.0,44127771,,,OMNIBUS,431440,14:43696331-44127771,0.7262,13.0,rs3919704|rs1899156|rs8005238|rs974953|rs8015410|rs10498389|rs2009767|rs10498390|rs7146515|rs8019563|rs4906486|rs2415815|rs11157362,43696331
8.723,14,12.0,51204996,,,OMNIBUS,248119,14:50956877-51204996,0.7264,8.0,rs11844437|rs10133849|rs4901047|rs3015469|rs8020441|rs6572692|rs9323192|rs11376,50956877
0.6383,14,2.0,93693422,,,OMNIBUS,10561,14:93682861-93693422,0.7268,2.0,rs3783899|rs2905,93682861
1.304,14,3.0,38180813,,,OMNIBUS,68943,14:38111870-38180813,0.7282,3.0,rs177852|rs1951646|rs1022804,38111870
0.6344,14,2.0,95362152,,,OMNIBUS,463,14:95361689-95362152,0.7282,2.0,rs1768112|rs1768111,95361689
3.617,14,6.0,94647299,,,OMNIBUS,58195,14:94589104-94647299,0.7283,3.0,rs4905164|rs927140|rs1033702,94589104
13.11,14,17.0,30334967,,,OMNIBUS,331729,14:30003238-30334967,0.7286,6.0,rs1191545|rs1191543|rs4144016|rs1998355|rs2273814|rs1958988,30003238
18.52,14,23.0,77670489,,,OMNIBUS,80306,14:77590183-77670489,0.7287,8.0,rs888066|rs2041822|rs2021852|rs158120|rs158105|rs1911728|rs1861420|rs2655997,77590183
3.61,14,6.0,54546449,,,OMNIBUS,117094,14:54429355-54546449,0.7293,6.0,rs1957860|rs11157994|rs1957844|rs4901474|rs7149949|rs8007000,54429355
0.627,14,2.0,84035775,,,OMNIBUS,26923,14:84008852-84035775,0.7309,2.0,rs1241940|rs1763546,84008852
0.624,14,2.0,92677528,,,OMNIBUS,18518,14:92659010-92677528,0.732,2.0,rs1241698|rs8005444,92659010
2.791,14,5.0,62487438,,,OMNIBUS,66832,14:62420606-62487438,0.7322,4.0,rs1254839|rs12372849|rs7161726|rs7148536,62420606
0.6137,14,2.0,20599640,,,OMNIBUS,21396,14:20578244-20599640,0.7357,2.0,rs3939209|rs914073,20578244
5.199,14,8.0,25160945,,,OMNIBUS,125873,14:25035072-25160945,0.7361,4.0,rs1956908|rs1951594|rs1951596|rs4981547,25035072
5.192,14,8.0,51176739,,,OMNIBUS,219862,14:50956877-51176739,0.7369,6.0,rs11844437|rs10133849|rs4901047|rs3015469|rs8020441|rs6572692,50956877
20.17,14,25.0,85780554,,,OMNIBUS,211270,14:85569284-85780554,0.7378,9.0,rs7493702|rs9672039|rs10148947|rs10149105|rs2888426|rs10135529|rs1449419|rs1767392|rs4899866,85569284
10.31,14,14.0,99830955,,,OMNIBUS,88768,14:99742187-99830955,0.7388,5.0,rs2664299|rs1257324|rs1257321|rs1810114|rs2614475,99742187
0.6015,14,2.0,76782285,,,OMNIBUS,1818,14:76780467-76782285,0.7403,2.0,rs7145561|rs11624232,76780467
4.335,14,7.0,50438650,,,OMNIBUS,31824,14:50406826-50438650,0.7405,4.0,rs7159113|rs7155791|rs1463411|rs11622477,50406826
7.686,14,11.0,30780729,,,OMNIBUS,257965,14:30522764-30780729,0.7411,5.0,rs225949|rs10483388|rs9652310|rs12436395|rs179071,30522764
0.5978,14,2.0,89036519,,,OMNIBUS,146982,14:88889537-89036519,0.7416,2.0,rs11846988|rs2116445,88889537
4.317,14,7.0,58152836,,,OMNIBUS,97857,14:58054979-58152836,0.7426,4.0,rs12896156|rs1745690|rs10431700|rs4304940,58054979
1.961,14,4.0,58380902,,,OMNIBUS,37296,14:58343606-58380902,0.7429,4.0,rs8017565|rs5003848|rs7155201|rs7156340,58343606
11.13,14,15.0,29762149,,,OMNIBUS,559146,14:29203003-29762149,0.7435,8.0,rs7143611|rs730195|rs1957476|rs4981690|rs959197|rs10142843|rs2333484|rs8011720,29203003
5.098,14,8.0,64008809,,,OMNIBUS,68727,14:63940082-64008809,0.747,8.0,rs1012145|rs11158493|rs1255627|rs1255639|rs1255771|rs12050157|rs1255784|rs1255718,63940082
11.95,14,16.0,54734750,,,OMNIBUS,305395,14:54429355-54734750,0.7473,11.0,rs1957860|rs11157994|rs1957844|rs4901474|rs7149949|rs8007000|rs8008441|rs10134051|rs11629285|rs4901501|rs1008499,54429355
1.931,14,4.0,78694817,,,OMNIBUS,67739,14:78627078-78694817,0.7484,3.0,rs213572|rs213566|rs10483895,78627078
19.01,14,24.0,20863070,,,OMNIBUS,150748,14:20712322-20863070,0.7514,8.0,rs11851004|rs8010116|rs3784244|rs3093872|rs1760921|rs1760904|rs4982038|rs2945461,20712322
1.199,14,3.0,24253696,,,OMNIBUS,5986,14:24247710-24253696,0.7533,2.0,rs1958313|rs10483282,24247710
2.642,14,5.0,76757988,,,OMNIBUS,18425,14:76739563-76757988,0.7549,3.0,rs7151982|rs4522353|rs1107599,76739563
1.19,14,3.0,76745121,,,OMNIBUS,5558,14:76739563-76745121,0.7554,2.0,rs7151982|rs4522353,76739563
0.5609,14,2.0,49120920,,,OMNIBUS,62448,14:49058472-49120920,0.7555,2.0,rs10498409|rs1953896,49058472
5.007,14,8.0,87736137,,,OMNIBUS,175967,14:87560170-87736137,0.7568,4.0,rs12586410|rs11624852|rs1484986|rs2035543,87560170
1.183,14,3.0,76588286,,,OMNIBUS,47697,14:76540589-76588286,0.7571,2.0,rs11159169|rs2543356,76540589
1.182,14,3.0,22141347,,,OMNIBUS,24452,14:22116895-22141347,0.7573,2.0,rs2049787|rs6571990,22116895
1.181,14,3.0,92876837,,,OMNIBUS,13478,14:92863359-92876837,0.7576,2.0,rs7151174|rs4904900,92863359
9.182,14,13.0,84118602,,,OMNIBUS,109750,14:84008852-84118602,0.7591,7.0,rs1241940|rs1763546|rs17118868|rs1953454|rs7144922|rs12887744|rs8023044,84008852
10.9,14,15.0,95187870,,,OMNIBUS,90314,14:95097556-95187870,0.7595,6.0,rs8023057|rs4905226|rs1950293|rs7146876|rs11623661|rs8016615,95097556
6.633,14,10.0,76694877,,,OMNIBUS,154288,14:76540589-76694877,0.7596,4.0,rs11159169|rs2543356|rs2543361|rs2360982,76540589
2.61,14,5.0,33578918,,,OMNIBUS,26993,14:33551925-33578918,0.7598,5.0,rs7145093|rs2152402|rs17538030|rs974002|rs10483423,33551925
4.977,14,8.0,99551484,,,OMNIBUS,42249,14:99509235-99551484,0.7601,6.0,rs1257687|rs7141243|rs11625680|rs807363|rs2029614|rs17631503,99509235
12.64,14,17.0,94378321,,,OMNIBUS,69387,14:94308934-94378321,0.7601,5.0,rs12147189|rs2402366|rs3762144|rs8004291|rs8017239,94308934
19.74,14,25.0,85838792,,,OMNIBUS,269508,14:85569284-85838792,0.7601,10.0,rs7493702|rs9672039|rs10148947|rs10149105|rs2888426|rs10135529|rs1449419|rs1767392|rs4899866|rs7141559,85569284
6.621,14,10.0,85283933,,,OMNIBUS,202442,14:85081491-85283933,0.7607,5.0,rs2922656|rs1110774|rs1126060|rs10140310|rs1872020,85081491
0.5458,14,2.0,27164087,,,OMNIBUS,10027,14:27154060-27164087,0.7612,2.0,rs1950419|rs1955838,27154060
4.155,14,7.0,104624689,,,OMNIBUS,43617,14:104581072-104624689,0.7618,4.0,rs1557012|rs2011069|rs4906421|rs10147953,104581072
14.37,14,19.0,24843620,,,OMNIBUS,293396,14:24550224-24843620,0.7619,11.0,rs3561|rs2277483|rs17184526|rs7158744|rs11627187|rs4568|rs2295307|rs3212247|rs3212243|rs1950500|rs2295298,24550224
1.163,14,3.0,87287511,,,OMNIBUS,174292,14:87113219-87287511,0.762,2.0,rs12890243|rs1642273,87113219
4.149,14,7.0,61382747,,,OMNIBUS,393510,14:60989237-61382747,0.7625,4.0,rs1955688|rs10483727|rs3783819|rs4151351,60989237
0.5423,14,2.0,92423309,,,OMNIBUS,2034,14:92421275-92423309,0.7625,2.0,rs2498828|rs10146335,92421275
1.159,14,3.0,62166563,,,OMNIBUS,73690,14:62092873-62166563,0.7629,2.0,rs2244057|rs2301106,62092873
4.937,14,8.0,27205999,,,OMNIBUS,51939,14:27154060-27205999,0.7643,5.0,rs1950419|rs1955838|rs4981627|rs1950413|rs1956828,27154060
1.842,14,4.0,72757384,,,OMNIBUS,80884,14:72676500-72757384,0.7649,3.0,rs17109092|rs847237|rs2238207,72676500
4.127,14,7.0,55135931,,,OMNIBUS,71219,14:55064712-55135931,0.765,3.0,rs4901523|rs1886460|rs2181050,55064712
10.82,14,15.0,65109326,,,OMNIBUS,299321,14:64810005-65109326,0.7651,10.0,rs1256114|rs1950902|rs3818239|rs745686|rs3742609|rs2123463|rs3742604|rs10498515|rs11850291|rs10498516,64810005
16.91,14,22.0,45247021,,,OMNIBUS,343588,14:44903433-45247021,0.7683,9.0,rs10137318|rs438402|rs1959375|rs1953582|rs17115288|rs1959362|rs17115384|rs7157755|rs229683,44903433
4.098,14,7.0,21927276,,,OMNIBUS,163868,14:21763408-21927276,0.7684,4.0,rs8009098|rs8022395|rs10467770|rs1045842,21763408
9.915,14,14.0,91015725,,,OMNIBUS,94356,14:90921369-91015725,0.7684,7.0,rs741101|rs1740005|rs1640246|rs7152250|rs1294559|rs1294573|rs1294577,90921369
4.094,14,7.0,25691156,,,OMNIBUS,64769,14:25626387-25691156,0.7689,6.0,rs1958375|rs17109642|rs1958678|rs1888366|rs1551767|rs1461556,25626387
11.63,14,16.0,93614062,,,OMNIBUS,202158,14:93411904-93614062,0.7691,5.0,rs3783925|rs2749509|rs957362|rs12434958|rs12589195,93411904
2.548,14,5.0,101459060,,,OMNIBUS,97657,14:101361403-101459060,0.7692,3.0,rs4900479|rs2400963|rs8005672,101361403
1.132,14,3.0,72587872,,,OMNIBUS,27981,14:72559891-72587872,0.7693,2.0,rs8008342|rs2190631,72559891
0.5247,14,2.0,43030843,,,OMNIBUS,89198,14:42941645-43030843,0.7693,2.0,rs10145768|rs7156273,42941645
3.305,14,6.0,104817192,,,OMNIBUS,58305,14:104758887-104817192,0.7697,3.0,rs10137053|rs4906445|rs12100836,104758887
22.25,14,28.0,96140559,,,OMNIBUS,72132009,14:24008550-96140559,0.7698,8.0,rs3783438|rs10782485|rs8012206|rs2208663|rs911685|rs7148498|rs1748963|rs1748935,24008550
2.534,14,5.0,52283721,,,OMNIBUS,39389,14:52244332-52283721,0.7714,4.0,rs8019691|rs4441186|rs4399475|rs17124529,52244332
4.867,14,8.0,55140200,,,OMNIBUS,75488,14:55064712-55140200,0.7717,4.0,rs4901523|rs1886460|rs2181050|rs2057370,55064712
4.068,14,7.0,81876396,,,OMNIBUS,268735,14:81607661-81876396,0.7719,3.0,rs733234|rs3813535|rs3844534,81607661
12.45,14,17.0,91046665,,,OMNIBUS,125296,14:90921369-91046665,0.772,8.0,rs741101|rs1740005|rs1640246|rs7152250|rs1294559|rs1294573|rs1294577|rs1286484,90921369
2.528,14,5.0,90284739,,,OMNIBUS,191364,14:90093375-90284739,0.7722,3.0,rs12436615|rs7160734|rs8013403,90093375
0.5159,14,2.0,23160194,,,OMNIBUS,31855,14:23128339-23160194,0.7726,2.0,rs11624867|rs7140697,23128339
8.987,14,13.0,76142995,,,OMNIBUS,176019,14:75966976-76142995,0.7739,8.0,rs175700|rs2080254|rs2300603|rs2160144|rs8021741|rs10483869|rs4903329|rs1184086,75966976
8.129,14,12.0,51224374,,,OMNIBUS,267497,14:50956877-51224374,0.7749,10.0,rs11844437|rs10133849|rs4901047|rs3015469|rs8020441|rs6572692|rs9323192|rs11376|rs11850340|rs12882191,50956877
1.108,14,3.0,51434008,,,OMNIBUS,7681,14:51426327-51434008,0.7751,2.0,rs949633|rs9323201,51426327
8.97,14,13.0,95170852,,,OMNIBUS,73296,14:95097556-95170852,0.7752,5.0,rs8023057|rs4905226|rs1950293|rs7146876|rs11623661,95097556
12.39,14,17.0,81470655,,,OMNIBUS,420220,14:81050435-81470655,0.7759,13.0,rs17110817|rs2044772|rs2619671|rs7157843|rs1470639|rs8018693|rs2619676|rs328239|rs1013890|rs2217177|rs179247|rs2284722|rs917986,81050435
7.267,14,11.0,50462432,,,OMNIBUS,55606,14:50406826-50462432,0.7771,5.0,rs7159113|rs7155791|rs1463411|rs11622477|rs4900974,50406826
14.07,14,19.0,34485112,,,OMNIBUS,71286,14:34413826-34485112,0.7797,6.0,rs1629140|rs8003133|rs900360|rs12897122|rs974673|rs11848149,34413826
17.58,14,23.0,77659589,,,OMNIBUS,69406,14:77590183-77659589,0.7799,6.0,rs888066|rs2041822|rs2021852|rs158120|rs158105|rs1911728,77590183
5.587,14,9.0,104849219,,,OMNIBUS,90332,14:104758887-104849219,0.7804,4.0,rs10137053|rs4906445|rs12100836|rs4243749,104758887
1.081,14,3.0,89611143,,,OMNIBUS,18188,14:89592955-89611143,0.7816,2.0,rs10133171|rs1475243,89592955
1.08,14,3.0,38193741,,,OMNIBUS,151871,14:38041870-38193741,0.782,2.0,rs17768434|rs4901143,38041870
3.97,14,7.0,62536686,,,OMNIBUS,29636,14:62507050-62536686,0.7832,3.0,rs1254919|rs1954482|rs8018978,62507050
10.55,14,15.0,95423041,,,OMNIBUS,61352,14:95361689-95423041,0.7841,5.0,rs1768112|rs1768111|rs1243582|rs1109353|rs2798819,95361689
1.731,14,4.0,87039711,,,OMNIBUS,73735,14:86965976-87039711,0.785,4.0,rs1954130|rs1954195|rs2096073|rs1289253,86965976
4.738,14,8.0,77352149,,,OMNIBUS,97313,14:77254836-77352149,0.7852,4.0,rs2242624|rs768297|rs3742752|rs760262,77254836
5.529,14,9.0,64022208,,,OMNIBUS,82126,14:63940082-64022208,0.786,9.0,rs1012145|rs11158493|rs1255627|rs1255639|rs1255771|rs12050157|rs1255784|rs1255718|rs972984,63940082
2.428,14,5.0,31531855,,,OMNIBUS,150504,14:31381351-31531855,0.7874,3.0,rs2273171|rs4981818|rs4981820,31381351
1.055,14,3.0,96551440,,,OMNIBUS,72542890,14:24008550-96551440,0.788,16.0,rs3783438|rs10782485|rs8012206|rs2208663|rs911685|rs7148498|rs1748963|rs1748935|rs1743506|rs1748952|rs2369049|rs4905389|rs12879561|rs717952|rs10131278|rs8003062,24008550
1.052,14,3.0,32661232,,,OMNIBUS,22319,14:32638913-32661232,0.7887,2.0,rs10483395|rs11622364,32638913
9.628,14,14.0,55141292,,,OMNIBUS,76580,14:55064712-55141292,0.7889,5.0,rs4901523|rs1886460|rs2181050|rs2057370|rs8006248,55064712
5.49,14,9.0,64930632,,,OMNIBUS,120627,14:64810005-64930632,0.7897,4.0,rs1256114|rs1950902|rs3818239|rs745686,64810005
7.927,14,12.0,99192440,,,OMNIBUS,42763,14:99149677-99192440,0.7908,6.0,rs7147818|rs1950485|rs4905741|rs8018433|rs1022633|rs17097744,99149677
7.922,14,12.0,51824498,,,OMNIBUS,241242,14:51583256-51824498,0.7912,6.0,rs3007091|rs3007168|rs7148539|rs4264315|rs4144431|rs17123829,51583256
12.13,14,17.0,33815800,,,OMNIBUS,263875,14:33551925-33815800,0.7924,14.0,rs7145093|rs2152402|rs17538030|rs974002|rs10483423|rs4143873|rs17100283|rs6571585|rs912857|rs6571587|rs17555909|rs243303|rs1110867|rs8018810,33551925
0.4623,14,2.0,25209574,,,OMNIBUS,376,14:25209198-25209574,0.7936,2.0,rs1381324|rs712489,25209198
14.67,14,20.0,57446968,,,OMNIBUS,177143,14:57269825-57446968,0.7949,7.0,rs698015|rs198262|rs198252|rs850270|rs709977|rs709986|rs7153213,57269825
6.235,14,10.0,22736520,,,OMNIBUS,130270,14:22606250-22736520,0.7952,5.0,rs7150327|rs8010032|rs7143714|rs7155927|rs12881142,22606250
7.859,14,12.0,94501080,,,OMNIBUS,68297,14:94432783-94501080,0.7961,5.0,rs7155044|rs1950351|rs7160644|rs8018219|rs1077948,94432783
14.64,14,20.0,24810370,,,OMNIBUS,260146,14:24550224-24810370,0.7967,9.0,rs3561|rs2277483|rs17184526|rs7158744|rs11627187|rs4568|rs2295307|rs3212247|rs3212243,24550224
10.34,14,15.0,77629681,,,OMNIBUS,39498,14:77590183-77629681,0.7976,5.0,rs888066|rs2041822|rs2021852|rs158120|rs158105,77590183
1.015,14,3.0,85203088,,,OMNIBUS,121597,14:85081491-85203088,0.7977,2.0,rs2922656|rs1110774,85081491
0.4512,14,2.0,51903109,,,OMNIBUS,44848,14:51858261-51903109,0.7981,2.0,rs1987118|rs7151949,51858261
12.03,14,17.0,81432546,,,OMNIBUS,382111,14:81050435-81432546,0.7983,11.0,rs17110817|rs2044772|rs2619671|rs7157843|rs1470639|rs8018693|rs2619676|rs328239|rs1013890|rs2217177|rs179247,81050435
18.97,14,25.0,53983732,,,OMNIBUS,477841,14:53505891-53983732,0.7987,11.0,rs2150541|rs7146135|rs1364597|rs2161944|rs877018|rs1255277|rs1959839|rs2185823|rs7152432|rs1959846|rs12896283,53505891
6.186,14,10.0,59597277,,,OMNIBUS,127540,14:59469737-59597277,0.7994,5.0,rs6573233|rs12432115|rs2064770|rs885355|rs2882037,59469737
1.647,14,4.0,33305016,,,OMNIBUS,11894,14:33293122-33305016,0.8003,3.0,rs1051695|rs4261436|rs12894779,33293122
14.57,14,20.0,33191225,,,OMNIBUS,149993,14:33041232-33191225,0.8005,7.0,rs1950702|rs12435734|rs768787|rs7157533|rs2180449|rs10483419|rs1950221,33041232
4.589,14,8.0,20663078,,,OMNIBUS,84834,14:20578244-20663078,0.8005,4.0,rs3939209|rs914073|rs4981809|rs10141836,20578244
6.974,14,11.0,65011509,,,OMNIBUS,201504,14:64810005-65011509,0.8012,6.0,rs1256114|rs1950902|rs3818239|rs745686|rs3742609|rs2123463,64810005
3.81,14,7.0,34285469,,,OMNIBUS,99424,14:34186045-34285469,0.8013,3.0,rs9806087|rs10149796|rs10498323,34186045
4.567,14,8.0,56180099,,,OMNIBUS,528546,14:55651553-56180099,0.8027,6.0,rs8003961|rs12894700|rs3742570|rs6573038|rs10083493|rs10498477,55651553
0.9838,14,3.0,28354598,,,OMNIBUS,21180,14:28333418-28354598,0.8052,3.0,rs4143693|rs4559841|rs1954572,28333418
3.771,14,7.0,101648147,,,OMNIBUS,90751,14:101557396-101648147,0.8057,4.0,rs2145505|rs4906047|rs7142743|rs12883518,101557396
0.9815,14,3.0,27654878,,,OMNIBUS,57948,14:27596930-27654878,0.8057,2.0,rs1245390|rs1745722,27596930
11.9,14,17.0,69738079,,,OMNIBUS,419817,14:69318262-69738079,0.8059,8.0,rs8003722|rs181455|rs2268968|rs2300875|rs173321|rs12587583|rs3211166|rs7493080,69318262
0.4309,14,2.0,99607842,,,OMNIBUS,3257,14:99604585-99607842,0.8062,2.0,rs870827|rs1273226,99604585
11.01,14,16.0,54730267,,,OMNIBUS,300912,14:54429355-54730267,0.8091,10.0,rs1957860|rs11157994|rs1957844|rs4901474|rs7149949|rs8007000|rs8008441|rs10134051|rs11629285|rs4901501,54429355
1.595,14,4.0,38273922,,,OMNIBUS,232052,14:38041870-38273922,0.8096,3.0,rs17768434|rs4901143|rs12896790,38041870
14.4,14,20.0,84263901,,,OMNIBUS,255049,14:84008852-84263901,0.8098,10.0,rs1241940|rs1763546|rs17118868|rs1953454|rs7144922|rs12887744|rs8023044|rs1241906|rs1958453|rs1958442,84008852
5.252,14,9.0,51552629,,,OMNIBUS,37553,14:51515076-51552629,0.8118,5.0,rs12434043|rs4243569|rs11157795|rs4901076|rs8009573,51515076
0.9543,14,3.0,104780294,,,OMNIBUS,21407,14:104758887-104780294,0.8123,2.0,rs10137053|rs4906445,104758887
0.954,14,3.0,105679055,,,OMNIBUS,45556,14:105633499-105679055,0.8124,2.0,rs2239282|rs3784230,105633499
11.79,14,17.0,91054072,,,OMNIBUS,132703,14:90921369-91054072,0.8126,9.0,rs741101|rs1740005|rs1640246|rs7152250|rs1294559|rs1294573|rs1294577|rs1286484|rs1286474,90921369
0.9523,14,3.0,82849498,,,OMNIBUS,143868,14:82705630-82849498,0.8128,2.0,rs799103|rs1152422,82705630
3.678,14,7.0,34469881,,,OMNIBUS,56055,14:34413826-34469881,0.8161,3.0,rs1629140|rs8003133|rs900360,34413826
1.551,14,4.0,59500972,,,OMNIBUS,31235,14:59469737-59500972,0.8176,3.0,rs6573233|rs12432115|rs2064770,59469737
1.548,14,4.0,49546880,,,OMNIBUS,47010,14:49499870-49546880,0.8181,3.0,rs1956099|rs12587149|rs10134114,49499870
5.964,14,10.0,63400786,,,OMNIBUS,175414,14:63225372-63400786,0.8183,5.0,rs4902186|rs243149|rs10136789|rs6573466|rs2356097,63225372
15.95,14,22.0,65149227,,,OMNIBUS,339222,14:64810005-65149227,0.8184,12.0,rs1256114|rs1950902|rs3818239|rs745686|rs3742609|rs2123463|rs3742604|rs10498515|rs11850291|rs10498516|rs6573563|rs4902307,64810005
0.9288,14,3.0,59665286,,,OMNIBUS,16548,14:59648738-59665286,0.8185,2.0,rs893516|rs1252992,59648738
5.957,14,10.0,76043901,,,OMNIBUS,76925,14:75966976-76043901,0.8189,7.0,rs175700|rs2080254|rs2300603|rs2160144|rs8021741|rs10483869|rs4903329,75966976
5.166,14,9.0,105268228,,,OMNIBUS,168207,14:105100021-105268228,0.8196,6.0,rs4983511|rs8023004|rs4074077|rs4247027|rs4983526|rs4983387,105100021
1.534,14,4.0,30656078,,,OMNIBUS,70444,14:30585634-30656078,0.8207,3.0,rs190123|rs8011977|rs1956461,30585634
10.81,14,16.0,55165899,,,OMNIBUS,101187,14:55064712-55165899,0.8209,7.0,rs4901523|rs1886460|rs2181050|rs2057370|rs8006248|rs7157453|rs2273742,55064712
2.9,14,6.0,60299529,,,OMNIBUS,198562,14:60100967-60299529,0.8213,3.0,rs4898998|rs12885453|rs10483719,60100967
4.378,14,8.0,72413377,,,OMNIBUS,95171,14:72318206-72413377,0.8215,6.0,rs2533059|rs36453|rs36409|rs36400|rs23219|rs4899406,72318206
2.193,14,5.0,48451434,,,OMNIBUS,54368,14:48397066-48451434,0.8218,3.0,rs7141615|rs2770390|rs712436,48397066
10.79,14,16.0,54761459,,,OMNIBUS,332104,14:54429355-54761459,0.8223,12.0,rs1957860|rs11157994|rs1957844|rs4901474|rs7149949|rs8007000|rs8008441|rs10134051|rs11629285|rs4901501|rs1008499|rs1950208,54429355
2.189,14,5.0,25370155,,,OMNIBUS,94601,14:25275554-25370155,0.8225,3.0,rs7161311|rs725230|rs11158959,25275554
0.9101,14,3.0,31526395,,,OMNIBUS,145044,14:31381351-31526395,0.823,2.0,rs2273171|rs4981818,31381351
8.304,14,13.0,26563796,,,OMNIBUS,98306,14:26465490-26563796,0.8233,5.0,rs2753593|rs862966|rs2332634|rs10483305|rs10139118,26465490
1.514,14,4.0,92718046,,,OMNIBUS,59036,14:92659010-92718046,0.8241,3.0,rs1241698|rs8005444|rs4904847,92659010
10.73,14,16.0,29167077,,,OMNIBUS,130340,14:29036737-29167077,0.8257,6.0,rs176294|rs12435853|rs4983306|rs2038420|rs1956388|rs723544,29036737
9.079,14,14.0,94501249,,,OMNIBUS,68466,14:94432783-94501249,0.8259,6.0,rs7155044|rs1950351|rs7160644|rs8018219|rs1077948|rs10131610,94432783
9.89,14,15.0,21051075,,,OMNIBUS,91065,14:20960010-21051075,0.8266,5.0,rs7161172|rs4982140|rs4981223|rs1243701|rs1243600,20960010
2.851,14,6.0,51459937,,,OMNIBUS,33610,14:51426327-51459937,0.8273,4.0,rs949633|rs9323201|rs2275462|rs9888603,51426327
8.235,14,13.0,60674699,,,OMNIBUS,573732,14:60100967-60674699,0.828,5.0,rs4898998|rs12885453|rs10483719|rs170056|rs216504,60100967
0.886,14,3.0,93528114,,,OMNIBUS,116210,14:93411904-93528114,0.8288,2.0,rs3783925|rs2749509,93411904
2.137,14,5.0,86358567,,,OMNIBUS,78347,14:86280220-86358567,0.8299,3.0,rs2181659|rs1959455|rs6574859,86280220
1.48,14,4.0,49557446,,,OMNIBUS,57576,14:49499870-49557446,0.8302,4.0,rs1956099|rs12587149|rs10134114|rs1950605,49499870
15.7,14,22.0,57543132,,,OMNIBUS,273307,14:57269825-57543132,0.8306,8.0,rs698015|rs198262|rs198252|rs850270|rs709977|rs709986|rs7153213|rs1189830,57269825
5.042,14,9.0,21967916,,,OMNIBUS,204508,14:21763408-21967916,0.8306,5.0,rs8009098|rs8022395|rs10467770|rs1045842|rs1139130,21763408
5.038,14,9.0,102360916,,,OMNIBUS,266286,14:102094630-102360916,0.831,5.0,rs1190708|rs11621975|rs11847580|rs8003511|rs2251246,102094630
2.129,14,5.0,80296420,,,OMNIBUS,43744,14:80252676-80296420,0.8311,3.0,rs10134488|rs2242641|rs2293824,80252676
3.539,14,7.0,94345397,,,OMNIBUS,36463,14:94308934-94345397,0.8311,3.0,rs12147189|rs2402366|rs3762144,94308934
2.121,14,5.0,76593690,,,OMNIBUS,53101,14:76540589-76593690,0.8321,3.0,rs11159169|rs2543356|rs2543361,76540589
0.3665,14,2.0,91277252,,,OMNIBUS,50281,14:91226971-91277252,0.8325,2.0,rs11628369|rs743201,91226971
2.116,14,5.0,69043970,,,OMNIBUS,15367,14:69028603-69043970,0.8329,3.0,rs2525503|rs8009944|rs2285883,69028603
0.8664,14,3.0,62625732,,,OMNIBUS,32435,14:62593297-62625732,0.8335,2.0,rs1954494|rs12879403,62593297
15.62,14,22.0,69757189,,,OMNIBUS,438927,14:69318262-69757189,0.8345,9.0,rs8003722|rs181455|rs2268968|rs2300875|rs173321|rs12587583|rs3211166|rs7493080|rs1890941,69318262
6.546,14,11.0,56197159,,,OMNIBUS,545606,14:55651553-56197159,0.8346,7.0,rs8003961|rs12894700|rs3742570|rs6573038|rs10083493|rs10498477|rs1953352,55651553
2.101,14,5.0,89655295,,,OMNIBUS,62340,14:89592955-89655295,0.8349,3.0,rs10133171|rs1475243|rs3783878,89592955
0.3602,14,2.0,88547303,,,OMNIBUS,2151,14:88545152-88547303,0.8352,2.0,rs17124028|rs1887289,88545152
0.8573,14,3.0,78642452,,,OMNIBUS,15374,14:78627078-78642452,0.8357,2.0,rs213572|rs213566,78627078
0.8576,14,3.0,33942839,,,OMNIBUS,19956,14:33922883-33942839,0.8357,2.0,rs8006708|rs10150761,33922883
0.3572,14,2.0,52135356,,,OMNIBUS,3613,14:52131743-52135356,0.8364,2.0,rs9805984|rs4898706,52131743
3.489,14,7.0,89889586,,,OMNIBUS,31861,14:89857725-89889586,0.8364,4.0,rs3783848|rs2896108|rs3783845|rs2401823,89857725
20.7,14,28.0,96151684,,,OMNIBUS,72143134,14:24008550-96151684,0.8376,10.0,rs3783438|rs10782485|rs8012206|rs2208663|rs911685|rs7148498|rs1748963|rs1748935|rs1743506|rs1748952,24008550
0.8475,14,3.0,75722496,,,OMNIBUS,12930,14:75709566-75722496,0.8381,2.0,rs8013918|rs741847,75709566
2.078,14,5.0,32532034,,,OMNIBUS,19138,14:32512896-32532034,0.8382,3.0,rs1958913|rs1279007|rs1279002,32512896
4.199,14,8.0,90303445,,,OMNIBUS,210070,14:90093375-90303445,0.8387,4.0,rs12436615|rs7160734|rs8013403|rs12437206,90093375
6.489,14,11.0,56197878,,,OMNIBUS,546325,14:55651553-56197878,0.8388,8.0,rs8003961|rs12894700|rs3742570|rs6573038|rs10083493|rs10498477|rs1953352|rs1959088,55651553
4.188,14,8.0,51552126,,,OMNIBUS,37050,14:51515076-51552126,0.8398,4.0,rs12434043|rs4243569|rs11157795|rs4901076,51515076
2.065,14,5.0,104730980,,,OMNIBUS,31485,14:104699495-104730980,0.84,3.0,rs4906423|rs8016595|rs7161071,104699495
0.8328,14,3.0,22278344,,,OMNIBUS,57775,14:22220569-22278344,0.8416,2.0,rs4982495|rs714618,22220569
2.731,14,6.0,82669795,,,OMNIBUS,97951,14:82571844-82669795,0.8418,4.0,rs946605|rs17116436|rs1888351|rs9323719,82571844
15.45,14,22.0,95214776,,,OMNIBUS,117220,14:95097556-95214776,0.8421,8.0,rs8023057|rs4905226|rs1950293|rs7146876|rs11623661|rs8016615|rs4900244|rs7157500,95097556
8.008,14,13.0,101991506,,,OMNIBUS,45898,14:101945608-101991506,0.8431,5.0,rs4906124|rs2144067|rs3818079|rs7153709|rs10144492,101945608
4.888,14,9.0,71060644,,,OMNIBUS,306137,14:70754507-71060644,0.8439,6.0,rs12889575|rs2332422|rs2877657|rs3759774|rs11621756|rs10483831,70754507
3.414,14,7.0,34136204,,,OMNIBUS,48134,14:34088070-34136204,0.8443,5.0,rs4556706|rs7149836|rs2149830|rs2183276|rs4982104,34088070
16.24,14,23.0,33735428,,,OMNIBUS,183503,14:33551925-33735428,0.8448,12.0,rs7145093|rs2152402|rs17538030|rs974002|rs10483423|rs4143873|rs17100283|rs6571585|rs912857|rs6571587|rs17555909|rs243303,33551925
7.19,14,12.0,49875104,,,OMNIBUS,375234,14:49499870-49875104,0.8448,7.0,rs1956099|rs12587149|rs10134114|rs1950605|rs971676|rs2353654|rs8019294,49499870
5.631,14,10.0,64936652,,,OMNIBUS,126647,14:64810005-64936652,0.8453,5.0,rs1256114|rs1950902|rs3818239|rs745686|rs3742609,64810005
0.8159,14,3.0,89867481,,,OMNIBUS,9756,14:89857725-89867481,0.8457,3.0,rs3783848|rs2896108|rs3783845,89857725
1.387,14,4.0,61316264,,,OMNIBUS,327027,14:60989237-61316264,0.8464,3.0,rs1955688|rs10483727|rs3783819,60989237
11.97,14,18.0,23985973,,,OMNIBUS,226817,14:23759156-23985973,0.8488,8.0,rs8017130|rs8014568|rs365990|rs388914|rs12147570|rs1951154|rs12436235|rs222671,23759156
4.089,14,8.0,82937234,,,OMNIBUS,231604,14:82705630-82937234,0.849,4.0,rs799103|rs1152422|rs1198403|rs1343687,82705630
0.7981,14,3.0,101134008,,,OMNIBUS,33422,14:101100586-101134008,0.8499,2.0,rs7144384|rs12883126,101100586
3.357,14,7.0,63977735,,,OMNIBUS,37653,14:63940082-63977735,0.8502,4.0,rs1012145|rs11158493|rs1255627|rs1255639,63940082
1.362,14,4.0,80885386,,,OMNIBUS,12451,14:80872935-80885386,0.8508,3.0,rs11159460|rs7153013|rs10144615,80872935
4.068,14,8.0,94485954,,,OMNIBUS,53171,14:94432783-94485954,0.8509,4.0,rs7155044|rs1950351|rs7160644|rs8018219,94432783
7.868,14,13.0,71737314,,,OMNIBUS,89242,14:71648072-71737314,0.8521,5.0,rs917063|rs8005382|rs1000449|rs17767362|rs11623996,71648072
1.978,14,5.0,21899631,,,OMNIBUS,136223,14:21763408-21899631,0.8522,3.0,rs8009098|rs8022395|rs10467770,21763408
4.052,14,8.0,69438984,,,OMNIBUS,120722,14:69318262-69438984,0.8524,4.0,rs8003722|rs181455|rs2268968|rs2300875,69318262
0.7845,14,3.0,49546662,,,OMNIBUS,46792,14:49499870-49546662,0.8532,2.0,rs1956099|rs12587149,49499870
0.7786,14,3.0,95812477,,,OMNIBUS,166605,14:95645872-95812477,0.8546,2.0,rs3742332|rs4641666,95645872
6.267,14,11.0,56204571,,,OMNIBUS,553018,14:55651553-56204571,0.855,9.0,rs8003961|rs12894700|rs3742570|rs6573038|rs10083493|rs10498477|rs1953352|rs1959088|rs8017415,55651553
11.84,14,18.0,81480822,,,OMNIBUS,430387,14:81050435-81480822,0.8555,14.0,rs17110817|rs2044772|rs2619671|rs7157843|rs1470639|rs8018693|rs2619676|rs328239|rs1013890|rs2217177|rs179247|rs2284722|rs917986|rs12883673,81050435
17.68,14,25.0,85478277,,,OMNIBUS,396786,14:85081491-85478277,0.8555,7.0,rs2922656|rs1110774|rs1126060|rs10140310|rs1872020|rs856684|rs4904227,85081491
7.025,14,12.0,76780815,,,OMNIBUS,41252,14:76739563-76780815,0.856,5.0,rs7151982|rs4522353|rs1107599|rs2360992|rs11626073,76739563
15.98,14,23.0,93629959,,,OMNIBUS,218055,14:93411904-93629959,0.856,6.0,rs3783925|rs2749509|rs957362|rs12434958|rs12589195|rs7157141,93411904
6.25,14,11.0,29132877,,,OMNIBUS,96140,14:29036737-29132877,0.8562,5.0,rs176294|rs12435853|rs4983306|rs2038420|rs1956388,29036737
0.7701,14,3.0,26784913,,,OMNIBUS,21510,14:26763403-26784913,0.8566,3.0,rs11846747|rs991446|rs10142247,26763403
1.945,14,5.0,99122025,,,OMNIBUS,72450,14:99049575-99122025,0.8567,3.0,rs2145524|rs1951094|rs2103869,99049575
15.12,14,22.0,33664925,,,OMNIBUS,113000,14:33551925-33664925,0.8569,10.0,rs7145093|rs2152402|rs17538030|rs974002|rs10483423|rs4143873|rs17100283|rs6571585|rs912857|rs6571587,33551925
0.3085,14,2.0,80286244,,,OMNIBUS,33568,14:80252676-80286244,0.857,2.0,rs10134488|rs2242641,80252676
2.598,14,6.0,34130874,,,OMNIBUS,42804,14:34088070-34130874,0.8574,4.0,rs4556706|rs7149836|rs2149830|rs2183276,34088070
0.3072,14,2.0,101673914,,,OMNIBUS,20556,14:101653358-101673914,0.8576,2.0,rs17099976|rs2400990,101653358
0.3045,14,2.0,59195739,,,OMNIBUS,35502,14:59160237-59195739,0.8588,2.0,rs710025|rs311850,59160237
0.3044,14,2.0,20694602,,,OMNIBUS,3273,14:20691329-20694602,0.8588,2.0,rs9323692|rs1959344,20691329
3.27,14,7.0,80320748,,,OMNIBUS,68072,14:80252676-80320748,0.8589,4.0,rs10134488|rs2242641|rs2293824|rs2293843,80252676
3.268,14,7.0,63991111,,,OMNIBUS,51029,14:63940082-63991111,0.8591,5.0,rs1012145|rs11158493|rs1255627|rs1255639|rs1255771,63940082
3.977,14,8.0,62499486,,,OMNIBUS,78880,14:62420606-62499486,0.8592,5.0,rs1254839|rs12372849|rs7161726|rs7148536|rs1959317,62420606
8.528,14,14.0,54699995,,,OMNIBUS,270640,14:54429355-54699995,0.86,9.0,rs1957860|rs11157994|rs1957844|rs4901474|rs7149949|rs8007000|rs8008441|rs10134051|rs11629285,54429355
0.7528,14,3.0,52269731,,,OMNIBUS,25399,14:52244332-52269731,0.8607,3.0,rs8019691|rs4441186|rs4399475,52244332
11.72,14,18.0,84142036,,,OMNIBUS,133184,14:84008852-84142036,0.8615,8.0,rs1241940|rs1763546|rs17118868|rs1953454|rs7144922|rs12887744|rs8023044|rs1241906,84008852
0.298,14,2.0,73440864,,,OMNIBUS,7414,14:73433450-73440864,0.8616,2.0,rs17569474|rs12931,73433450
0.7482,14,3.0,22573443,,,OMNIBUS,29050,14:22544393-22573443,0.8618,3.0,rs7142153|rs990962|rs4572291,22544393
0.7476,14,3.0,26128089,,,OMNIBUS,10214,14:26117875-26128089,0.8619,3.0,rs7159800|rs10483303|rs1956798,26117875
3.223,14,7.0,20811332,,,OMNIBUS,99010,14:20712322-20811332,0.8637,4.0,rs11851004|rs8010116|rs3784244|rs3093872,20712322
10.85,14,17.0,76156609,,,OMNIBUS,189633,14:75966976-76156609,0.8641,9.0,rs175700|rs2080254|rs2300603|rs2160144|rs8021741|rs10483869|rs4903329|rs1184086|rs2303345,75966976
3.899,14,8.0,72395223,,,OMNIBUS,77017,14:72318206-72395223,0.8661,5.0,rs2533059|rs36453|rs36409|rs36400|rs23219,72318206
1.863,14,5.0,33076659,,,OMNIBUS,35427,14:33041232-33076659,0.8677,4.0,rs1950702|rs12435734|rs768787|rs7157533,33041232
8.356,14,14.0,90406002,,,OMNIBUS,312627,14:90093375-90406002,0.87,6.0,rs12436615|rs7160734|rs8013403|rs12437206|rs4445834|rs7154092,90093375
9.935,14,16.0,44130700,,,OMNIBUS,434369,14:43696331-44130700,0.87,14.0,rs3919704|rs1899156|rs8005238|rs974953|rs8015410|rs10498389|rs2009767|rs10498390|rs7146515|rs8019563|rs4906486|rs2415815|rs11157362|rs4900643,43696331
3.155,14,7.0,85226972,,,OMNIBUS,145481,14:85081491-85226972,0.8703,4.0,rs2922656|rs1110774|rs1126060|rs10140310,85081491
0.711,14,3.0,73200847,,,OMNIBUS,12773,14:73188074-73200847,0.8706,2.0,rs740974|rs10144553,73188074
3.84,14,8.0,51170879,,,OMNIBUS,214002,14:50956877-51170879,0.8713,5.0,rs11844437|rs10133849|rs4901047|rs3015469|rs8020441,50956877
0.7021,14,3.0,60160565,,,OMNIBUS,59598,14:60100967-60160565,0.8727,2.0,rs4898998|rs12885453,60100967
9.087,14,15.0,23897466,,,OMNIBUS,138310,14:23759156-23897466,0.8729,6.0,rs8017130|rs8014568|rs365990|rs388914|rs12147570|rs1951154,23759156
1.223,14,4.0,79279727,,,OMNIBUS,52851,14:79226876-79279727,0.8743,4.0,rs8020920|rs8011930|rs6574472|rs2370875,79226876
7.486,14,13.0,82982896,,,OMNIBUS,277266,14:82705630-82982896,0.8754,6.0,rs799103|rs1152422|rs1198403|rs1343687|rs8004998|rs7149484,82705630
8.237,14,14.0,69510441,,,OMNIBUS,192179,14:69318262-69510441,0.8766,6.0,rs8003722|rs181455|rs2268968|rs2300875|rs173321|rs12587583,69318262
0.6836,14,3.0,37578129,,,OMNIBUS,86293,14:37491836-37578129,0.877,2.0,rs2022725|rs2415385,37491836
1.792,14,5.0,67352226,,,OMNIBUS,648657,14:66703569-67352226,0.8772,3.0,rs1434903|rs17182091|rs8014841,66703569
2.419,14,6.0,51157160,,,OMNIBUS,200283,14:50956877-51157160,0.8774,4.0,rs11844437|rs10133849|rs4901047|rs3015469,50956877
17.11,14,25.0,77680624,,,OMNIBUS,90441,14:77590183-77680624,0.8777,9.0,rs888066|rs2041822|rs2021852|rs158120|rs158105|rs1911728|rs1861420|rs2655997|rs454840,77590183
8.193,14,14.0,99572289,,,OMNIBUS,63054,14:99509235-99572289,0.879,9.0,rs1257687|rs7141243|rs11625680|rs807363|rs2029614|rs17631503|rs11850349|rs1257501|rs7160993,99509235
6.639,14,12.0,23881920,,,OMNIBUS,122764,14:23759156-23881920,0.8805,5.0,rs8017130|rs8014568|rs365990|rs388914|rs12147570,23759156
9.715,14,16.0,81497393,,,OMNIBUS,446958,14:81050435-81497393,0.8811,15.0,rs17110817|rs2044772|rs2619671|rs7157843|rs1470639|rs8018693|rs2619676|rs328239|rs1013890|rs2217177|rs179247|rs2284722|rs917986|rs12883673|rs2300525,81050435
16.99,14,25.0,96143580,,,OMNIBUS,72135030,14:24008550-96143580,0.8821,9.0,rs3783438|rs10782485|rs8012206|rs2208663|rs911685|rs7148498|rs1748963|rs1748935|rs1743506,24008550
2.375,14,6.0,32765219,,,OMNIBUS,126306,14:32638913-32765219,0.8822,3.0,rs10483395|rs11622364|rs7149528,32638913
1.749,14,5.0,35571651,,,OMNIBUS,319554,14:35252097-35571651,0.8827,3.0,rs10162419|rs7149819|rs12100841,35252097
9.682,14,16.0,94507248,,,OMNIBUS,74465,14:94432783-94507248,0.8827,7.0,rs7155044|rs1950351|rs7160644|rs8018219|rs1077948|rs10131610|rs8021765,94432783
1.748,14,5.0,26180158,,,OMNIBUS,29648,14:26150510-26180158,0.8828,3.0,rs12893752|rs1951039|rs1956760,26150510
8.104,14,14.0,101228352,,,OMNIBUS,127766,14:101100586-101228352,0.8838,10.0,rs7144384|rs12883126|rs12892451|rs911337|rs4905995|rs10146962|rs1555406|rs2104070|rs1956743|rs1190815,101100586
16.11,14,24.0,25991755,,,OMNIBUS,365368,14:25626387-25991755,0.8841,13.0,rs1958375|rs17109642|rs1958678|rs1888366|rs1551767|rs1461556|rs1454368|rs1154182|rs11628723|rs1241303|rs941737|rs1950427|rs7144321,25626387
4.376,14,9.0,73315898,,,OMNIBUS,127824,14:73188074-73315898,0.885,5.0,rs740974|rs10144553|rs4903068|rs11622224|rs4903072,73188074
8.844,14,15.0,69703158,,,OMNIBUS,384896,14:69318262-69703158,0.8855,7.0,rs8003722|rs181455|rs2268968|rs2300875|rs173321|rs12587583|rs3211166,69318262
2.343,14,6.0,73292178,,,OMNIBUS,104104,14:73188074-73292178,0.8856,3.0,rs740974|rs10144553|rs4903068,73188074
16.87,14,25.0,33665939,,,OMNIBUS,114014,14:33551925-33665939,0.8863,11.0,rs7145093|rs2152402|rs17538030|rs974002|rs10483423|rs4143873|rs17100283|rs6571585|rs912857|rs6571587|rs17555909,33551925
5.068,14,10.0,23873092,,,OMNIBUS,113936,14:23759156-23873092,0.8866,4.0,rs8017130|rs8014568|rs365990|rs388914,23759156
6.534,14,12.0,82944939,,,OMNIBUS,239309,14:82705630-82944939,0.8868,5.0,rs799103|rs1152422|rs1198403|rs1343687|rs8004998,82705630
0.641,14,3.0,34094551,,,OMNIBUS,6481,14:34088070-34094551,0.887,2.0,rs4556706|rs7149836,34088070
12.75,14,20.0,26631035,,,OMNIBUS,165545,14:26465490-26631035,0.8877,6.0,rs2753593|rs862966|rs2332634|rs10483305|rs10139118|rs1072264,26465490
8.032,14,14.0,102050501,,,OMNIBUS,104893,14:101945608-102050501,0.8877,6.0,rs4906124|rs2144067|rs3818079|rs7153709|rs10144492|rs8003262,101945608
0.6351,14,3.0,104721526,,,OMNIBUS,22031,14:104699495-104721526,0.8884,2.0,rs4906423|rs8016595,104699495
0.6346,14,3.0,52250365,,,OMNIBUS,6033,14:52244332-52250365,0.8885,2.0,rs8019691|rs4441186,52244332
6.494,14,12.0,67608948,,,OMNIBUS,1140187,14:66468761-67608948,0.8892,5.0,rs1147443|rs1147437|rs975231|rs17754686|rs1952337,66468761
1.697,14,5.0,90983296,,,OMNIBUS,61927,14:90921369-90983296,0.8893,4.0,rs741101|rs1740005|rs1640246|rs7152250,90921369
1.121,14,4.0,82658290,,,OMNIBUS,86446,14:82571844-82658290,0.8909,3.0,rs946605|rs17116436|rs1888351,82571844
3.599,14,8.0,35809414,,,OMNIBUS,263476,14:35545938-35809414,0.8914,4.0,rs1712354|rs6571696|rs3742370|rs12436216,35545938
4.284,14,9.0,76774194,,,OMNIBUS,34631,14:76739563-76774194,0.8918,4.0,rs7151982|rs4522353|rs1107599|rs2360992,76739563
2.281,14,6.0,22730981,,,OMNIBUS,124731,14:22606250-22730981,0.8922,4.0,rs7150327|rs8010032|rs7143714|rs7155927,22606250
8.707,14,15.0,82026458,,,OMNIBUS,418797,14:81607661-82026458,0.8923,5.0,rs733234|rs3813535|rs3844534|rs12888000|rs932667,81607661
0.6152,14,3.0,90966606,,,OMNIBUS,45237,14:90921369-90966606,0.8929,3.0,rs741101|rs1740005|rs1640246,90921369
2.908,14,7.0,37181271,,,OMNIBUS,32309,14:37148962-37181271,0.8934,3.0,rs1884213|rs1884217|rs4904582,37148962
2.258,14,6.0,48467133,,,OMNIBUS,70067,14:48397066-48467133,0.8945,4.0,rs7141615|rs2770390|rs712436|rs712450,48397066
1.65,14,5.0,33338500,,,OMNIBUS,45378,14:33293122-33338500,0.8951,4.0,rs1051695|rs4261436|rs12894779|rs1955490,33293122
1.094,14,4.0,24277985,,,OMNIBUS,30275,14:24247710-24277985,0.8952,3.0,rs1958313|rs10483282|rs1952415,24247710
0.6046,14,3.0,33299482,,,OMNIBUS,6360,14:33293122-33299482,0.8954,2.0,rs1051695|rs4261436,33293122
1.646,14,5.0,93565816,,,OMNIBUS,153912,14:93411904-93565816,0.8957,3.0,rs3783925|rs2749509|rs957362,93411904
5.647,14,11.0,103202717,,,OMNIBUS,344921,14:102857796-103202717,0.8958,5.0,rs8008097|rs1005776|rs11624218|rs2277468|rs12590361,102857796
2.241,14,6.0,59563305,,,OMNIBUS,93568,14:59469737-59563305,0.8962,4.0,rs6573233|rs12432115|rs2064770|rs885355,59469737
8.608,14,15.0,99582467,,,OMNIBUS,73232,14:99509235-99582467,0.8971,10.0,rs1257687|rs7141243|rs11625680|rs807363|rs2029614|rs17631503|rs11850349|rs1257501|rs7160993|rs8022744,99509235
0.214,14,2.0,59491096,,,OMNIBUS,21359,14:59469737-59491096,0.8985,2.0,rs6573233|rs12432115,59469737
0.5872,14,3.0,69158128,,,OMNIBUS,68642,14:69089486-69158128,0.8994,2.0,rs761951|rs1007841,69089486
1.592,14,5.0,26828666,,,OMNIBUS,65263,14:26763403-26828666,0.9022,4.0,rs11846747|rs991446|rs10142247|rs751401,26763403
2.8,14,7.0,101163325,,,OMNIBUS,62739,14:101100586-101163325,0.9029,5.0,rs7144384|rs12883126|rs12892451|rs911337|rs4905995,101100586
1.58,14,5.0,34124784,,,OMNIBUS,36714,14:34088070-34124784,0.9036,3.0,rs4556706|rs7149836|rs2149830,34088070
0.2019,14,2.0,77038124,,,OMNIBUS,12200,14:77025924-77038124,0.904,2.0,rs11851385|rs7160845,77025924
0.565,14,3.0,80876111,,,OMNIBUS,3176,14:80872935-80876111,0.9044,2.0,rs11159460|rs7153013,80872935
9.96,14,17.0,101240530,,,OMNIBUS,139944,14:101100586-101240530,0.9053,11.0,rs7144384|rs12883126|rs12892451|rs911337|rs4905995|rs10146962|rs1555406|rs2104070|rs1956743|rs1190815|rs8011776,101100586
4.78,14,10.0,40801751,,,OMNIBUS,454394,14:40347357-40801751,0.9054,4.0,rs1957197|rs9323014|rs10483512|rs1955540,40347357
0.1972,14,2.0,58073401,,,OMNIBUS,18422,14:58054979-58073401,0.9061,2.0,rs12896156|rs1745690,58054979
1.557,14,5.0,70985475,,,OMNIBUS,230968,14:70754507-70985475,0.9064,5.0,rs12889575|rs2332422|rs2877657|rs3759774|rs11621756,70754507
6.908,14,13.0,48556901,,,OMNIBUS,159835,14:48397066-48556901,0.9068,6.0,rs7141615|rs2770390|rs712436|rs712450|rs11848655|rs1543747,48397066
2.741,14,7.0,102300526,,,OMNIBUS,205896,14:102094630-102300526,0.9079,4.0,rs1190708|rs11621975|rs11847580|rs8003511,102094630
2.123,14,6.0,72780521,,,OMNIBUS,104021,14:72676500-72780521,0.908,4.0,rs17109092|rs847237|rs2238207|rs847358,72676500
4.05,14,9.0,71733790,,,OMNIBUS,85718,14:71648072-71733790,0.9081,4.0,rs917063|rs8005382|rs1000449|rs17767362,71648072
12.21,14,20.0,95191650,,,OMNIBUS,94094,14:95097556-95191650,0.9087,7.0,rs8023057|rs4905226|rs1950293|rs7146876|rs11623661|rs8016615|rs4900244,95097556
0.1915,14,2.0,69866838,,,OMNIBUS,35801,14:69831037-69866838,0.9087,2.0,rs7144886|rs12385913,69831037
9.869,14,17.0,96843590,,,OMNIBUS,164616,14:96678974-96843590,0.909,7.0,rs4900312|rs2069605|rs2369522|rs3742476|rs4905480|rs2289622|rs8021984,96678974
0.5434,14,3.0,52355387,,,OMNIBUS,36606,14:52318781-52355387,0.9093,2.0,rs8021633|rs10133203,52318781
2.106,14,6.0,20940606,,,OMNIBUS,31134,14:20909472-20940606,0.9097,4.0,rs17277375|rs2275007|rs1049562|rs1049564,20909472
6.12,14,12.0,101204235,,,OMNIBUS,103649,14:101100586-101204235,0.9099,7.0,rs7144384|rs12883126|rs12892451|rs911337|rs4905995|rs10146962|rs1555406,101100586
6.114,14,12.0,104640011,,,OMNIBUS,58939,14:104581072-104640011,0.9102,5.0,rs1557012|rs2011069|rs4906421|rs10147953|rs2275593,104581072
0.9849,14,4.0,49395873,,,OMNIBUS,56059,14:49339814-49395873,0.9121,3.0,rs4526940|rs7144137|rs12147817,49339814
1.507,14,5.0,29067027,,,OMNIBUS,30290,14:29036737-29067027,0.9123,3.0,rs176294|rs12435853|rs4983306,29036737
5.361,14,11.0,77375519,,,OMNIBUS,120683,14:77254836-77375519,0.9124,5.0,rs2242624|rs768297|rs3742752|rs760262|rs4903512,77254836
9.765,14,17.0,77462565,,,OMNIBUS,207729,14:77254836-77462565,0.9132,9.0,rs2242624|rs768297|rs3742752|rs760262|rs4903512|rs12588405|rs2041962|rs11622645|rs4903527,77254836
0.9681,14,4.0,79268302,,,OMNIBUS,41426,14:79226876-79268302,0.9146,3.0,rs8020920|rs8011930|rs6574472,79226876
0.9615,14,4.0,27180944,,,OMNIBUS,26884,14:27154060-27180944,0.9156,3.0,rs1950419|rs1955838|rs4981627,27154060
2.639,14,7.0,27441159,,,OMNIBUS,147717,14:27293442-27441159,0.9163,5.0,rs10483324|rs4127782|rs1956061|rs978082|rs1028530,27293442
3.921,14,9.0,51198815,,,OMNIBUS,241938,14:50956877-51198815,0.9165,7.0,rs11844437|rs10133849|rs4901047|rs3015469|rs8020441|rs6572692|rs9323192,50956877
0.9545,14,4.0,89375600,,,OMNIBUS,486063,14:88889537-89375600,0.9166,3.0,rs11846988|rs2116445|rs719572,88889537
3.265,14,8.0,94680656,,,OMNIBUS,91552,14:94589104-94680656,0.9167,4.0,rs4905164|rs927140|rs1033702|rs7144141,94589104
1.459,14,5.0,101139536,,,OMNIBUS,38950,14:101100586-101139536,0.9178,3.0,rs7144384|rs12883126|rs12892451,101100586
0.4991,14,3.0,70406571,,,OMNIBUS,7679,14:70398892-70406571,0.9191,2.0,rs1276120|rs227398,70398892
1.444,14,5.0,85210988,,,OMNIBUS,129497,14:85081491-85210988,0.9195,3.0,rs2922656|rs1110774|rs1126060,85081491
2.594,14,7.0,91003013,,,OMNIBUS,81644,14:90921369-91003013,0.9199,5.0,rs741101|rs1740005|rs1640246|rs7152250|rs1294559,90921369
0.9244,14,4.0,69938522,,,OMNIBUS,107485,14:69831037-69938522,0.921,3.0,rs7144886|rs12385913|rs1466255,69831037
9.546,14,17.0,53866690,,,OMNIBUS,360799,14:53505891-53866690,0.9216,9.0,rs2150541|rs7146135|rs1364597|rs2161944|rs877018|rs1255277|rs1959839|rs2185823|rs7152432,53505891
0.9164,14,4.0,28429366,,,OMNIBUS,95948,14:28333418-28429366,0.9222,4.0,rs4143693|rs4559841|rs1954572|rs10220568,28333418
1.963,14,6.0,67866928,,,OMNIBUS,1163359,14:66703569-67866928,0.9231,9.0,rs1434903|rs17182091|rs8014841|rs10135117|rs3784077|rs11158655|rs12588458|rs3784085|rs7154607,66703569
3.164,14,8.0,101170540,,,OMNIBUS,69954,14:101100586-101170540,0.9236,6.0,rs7144384|rs12883126|rs12892451|rs911337|rs4905995|rs10146962,101100586
1.956,14,6.0,67873128,,,OMNIBUS,1169559,14:66703569-67873128,0.9237,10.0,rs1434903|rs17182091|rs8014841|rs10135117|rs3784077|rs11158655|rs12588458|rs3784085|rs7154607|rs9323497,66703569
7.219,14,14.0,97828748,,,OMNIBUS,210336,14:97618412-97828748,0.9259,5.0,rs7153003|rs12432865|rs9323964|rs1958170|rs7156868,97618412
6.449,14,13.0,33168063,,,OMNIBUS,126831,14:33041232-33168063,0.9283,6.0,rs1950702|rs12435734|rs768787|rs7157533|rs2180449|rs10483419,33041232
2.48,14,7.0,54659207,,,OMNIBUS,229852,14:54429355-54659207,0.9286,7.0,rs1957860|rs11157994|rs1957844|rs4901474|rs7149949|rs8007000|rs8008441,54429355
8.586,14,16.0,54794214,,,OMNIBUS,364859,14:54429355-54794214,0.9295,13.0,rs1957860|rs11157994|rs1957844|rs4901474|rs7149949|rs8007000|rs8008441|rs10134051|rs11629285|rs4901501|rs1008499|rs1950208|rs9323262,54429355
5.021,14,11.0,69467475,,,OMNIBUS,149213,14:69318262-69467475,0.9302,5.0,rs8003722|rs181455|rs2268968|rs2300875|rs173321,69318262
4.338,14,10.0,70460609,,,OMNIBUS,61717,14:70398892-70460609,0.9308,4.0,rs1276120|rs227398|rs7157956|rs227416,70398892
0.4392,14,3.0,51914176,,,OMNIBUS,55915,14:51858261-51914176,0.932,3.0,rs1987118|rs7151949|rs7145011,51858261
1.861,14,6.0,20940515,,,OMNIBUS,31043,14:20909472-20940515,0.932,3.0,rs17277375|rs2275007|rs1049562,20909472
4.274,14,10.0,90381587,,,OMNIBUS,288212,14:90093375-90381587,0.9341,5.0,rs12436615|rs7160734|rs8013403|rs12437206|rs4445834,90093375
0.1362,14,2.0,55970787,,,OMNIBUS,17410,14:55953377-55970787,0.9342,2.0,rs12587011|rs10131444,55953377
20.04,14,31.0,34533014,,,OMNIBUS,119188,14:34413826-34533014,0.935,8.0,rs1629140|rs8003133|rs900360|rs12897122|rs974673|rs11848149|rs4982133|rs797377,34413826
0.1342,14,2.0,102095836,,,OMNIBUS,1206,14:102094630-102095836,0.9351,2.0,rs1190708|rs11621975,102094630
1.297,14,5.0,67399391,,,OMNIBUS,695822,14:66703569-67399391,0.9353,4.0,rs1434903|rs17182091|rs8014841|rs10135117,66703569
1.821,14,6.0,24300497,,,OMNIBUS,52787,14:24247710-24300497,0.9354,5.0,rs1958313|rs10483282|rs1952415|rs12435671|rs10139382,24247710
12.85,14,22.0,65191054,,,OMNIBUS,381049,14:64810005-65191054,0.9373,13.0,rs1256114|rs1950902|rs3818239|rs745686|rs3742609|rs2123463|rs3742604|rs10498515|rs11850291|rs10498516|rs6573563|rs4902307|rs229646,64810005
0.1286,14,2.0,69198531,,,OMNIBUS,5204,14:69193327-69198531,0.9377,2.0,rs8003773|rs1535344,69193327
9.065,14,17.0,85377877,,,OMNIBUS,296386,14:85081491-85377877,0.9382,6.0,rs2922656|rs1110774|rs1126060|rs10140310|rs1872020|rs856684,85081491
0.409,14,3.0,78688103,,,OMNIBUS,13845,14:78674258-78688103,0.9384,2.0,rs760215|rs1882820,78674258
0.1266,14,2.0,69340569,,,OMNIBUS,22307,14:69318262-69340569,0.9386,2.0,rs8003722|rs181455,69318262
1.771,14,6.0,32772850,,,OMNIBUS,137278,14:32635572-32772850,0.9395,3.0,rs7151991|rs2149663|rs11156735,32635572
6.856,14,14.0,99567351,,,OMNIBUS,58116,14:99509235-99567351,0.9401,8.0,rs1257687|rs7141243|rs11625680|rs807363|rs2029614|rs17631503|rs11850349|rs1257501,99509235
9.724,14,18.0,90531792,,,OMNIBUS,438417,14:90093375-90531792,0.9406,7.0,rs12436615|rs7160734|rs8013403|rs12437206|rs4445834|rs7154092|rs6575101,90093375
9.699,14,18.0,55159204,,,OMNIBUS,94492,14:55064712-55159204,0.9413,6.0,rs4901523|rs1886460|rs2181050|rs2057370|rs8006248|rs7157453,55064712
6.824,14,14.0,77431758,,,OMNIBUS,176922,14:77254836-77431758,0.9413,7.0,rs2242624|rs768297|rs3742752|rs760262|rs4903512|rs12588405|rs2041962,77254836
2.295,14,7.0,35772940,,,OMNIBUS,520843,14:35252097-35772940,0.9418,4.0,rs10162419|rs7149819|rs12100841|rs10141237,35252097
4.766,14,11.0,91008804,,,OMNIBUS,87435,14:90921369-91008804,0.942,6.0,rs741101|rs1740005|rs1640246|rs7152250|rs1294559|rs1294573,90921369
5.424,14,12.0,92740193,,,OMNIBUS,81183,14:92659010-92740193,0.9423,5.0,rs1241698|rs8005444|rs4904847|rs7150379|rs1806916,92659010
0.7678,14,4.0,53411391,,,OMNIBUS,19648,14:53391743-53411391,0.9427,3.0,rs1570878|rs1112777|rs7494379,53391743
8.194,14,16.0,84223764,,,OMNIBUS,214912,14:84008852-84223764,0.9429,9.0,rs1241940|rs1763546|rs17118868|rs1953454|rs7144922|rs12887744|rs8023044|rs1241906|rs1958453,84008852
3.446,14,9.0,49681229,,,OMNIBUS,181359,14:49499870-49681229,0.9439,6.0,rs1956099|rs12587149|rs10134114|rs1950605|rs971676|rs2353654,49499870
0.7519,14,4.0,102157773,,,OMNIBUS,63143,14:102094630-102157773,0.9448,3.0,rs1190708|rs11621975|rs11847580,102094630
0.1121,14,2.0,79237349,,,OMNIBUS,10473,14:79226876-79237349,0.9455,2.0,rs8020920|rs8011930,79226876
4.662,14,11.0,101219652,,,OMNIBUS,119066,14:101100586-101219652,0.9464,9.0,rs7144384|rs12883126|rs12892451|rs911337|rs4905995|rs10146962|rs1555406|rs2104070|rs1956743,101100586
0.3677,14,3.0,91293447,,,OMNIBUS,66476,14:91226971-91293447,0.9468,3.0,rs11628369|rs743201|rs12890577,91226971
9.471,14,18.0,77452204,,,OMNIBUS,197368,14:77254836-77452204,0.9478,8.0,rs2242624|rs768297|rs3742752|rs760262|rs4903512|rs12588405|rs2041962|rs11622645,77254836
0.3623,14,3.0,88554609,,,OMNIBUS,9457,14:88545152-88554609,0.9479,3.0,rs17124028|rs1887289|rs1887291,88545152
0.1068,14,2.0,35307165,,,OMNIBUS,55068,14:35252097-35307165,0.948,2.0,rs10162419|rs7149819,35252097
5.276,14,12.0,54683987,,,OMNIBUS,254632,14:54429355-54683987,0.9481,8.0,rs1957860|rs11157994|rs1957844|rs4901474|rs7149949|rs8007000|rs8008441|rs10134051,54429355
0.1064,14,2.0,28070503,,,OMNIBUS,42578,14:28027925-28070503,0.9482,2.0,rs1892555|rs1246115,28027925
12.41,14,22.0,72022891,,,OMNIBUS,374819,14:71648072-72022891,0.9484,9.0,rs917063|rs8005382|rs1000449|rs17767362|rs11623996|rs193444|rs12880291|rs12881957|rs11628525,71648072
0.1059,14,2.0,34581670,,,OMNIBUS,7187,14:34574483-34581670,0.9484,2.0,rs1431056|rs10498327,34574483
4.61,14,11.0,81882643,,,OMNIBUS,274982,14:81607661-81882643,0.9486,4.0,rs733234|rs3813535|rs3844534|rs12888000,81607661
0.355,14,3.0,56248010,,,OMNIBUS,20678,14:56227332-56248010,0.9494,2.0,rs7143300|rs7142488,56227332
0.3495,14,3.0,56760329,,,OMNIBUS,49183,14:56711146-56760329,0.9505,2.0,rs899604|rs1152463,56711146
0.3483,14,3.0,56920900,,,OMNIBUS,61432,14:56859468-56920900,0.9507,2.0,rs10142596|rs1300662,56859468
5.203,14,12.0,77378687,,,OMNIBUS,123851,14:77254836-77378687,0.9509,6.0,rs2242624|rs768297|rs3742752|rs760262|rs4903512|rs12588405,77254836
1.133,14,5.0,67559670,,,OMNIBUS,856101,14:66703569-67559670,0.9511,5.0,rs1434903|rs17182091|rs8014841|rs10135117|rs3784077,66703569
5.173,14,12.0,62502992,,,OMNIBUS,82386,14:62420606-62502992,0.952,6.0,rs1254839|rs12372849|rs7161726|rs7148536|rs1959317|rs1254910,62420606
7.886,14,16.0,50103816,,,OMNIBUS,603946,14:49499870-50103816,0.9522,8.0,rs1956099|rs12587149|rs10134114|rs1950605|rs971676|rs2353654|rs8019294|rs3007033,49499870
17.54,14,29.0,34526819,,,OMNIBUS,112993,14:34413826-34526819,0.9532,7.0,rs1629140|rs8003133|rs900360|rs12897122|rs974673|rs11848149|rs4982133,34413826
12.15,14,22.0,90570376,,,OMNIBUS,477001,14:90093375-90570376,0.9543,8.0,rs12436615|rs7160734|rs8013403|rs12437206|rs4445834|rs7154092|rs6575101|rs1554116,90093375
3.225,14,9.0,92736604,,,OMNIBUS,77594,14:92659010-92736604,0.9547,4.0,rs1241698|rs8005444|rs4904847|rs7150379,92659010
1.089,14,5.0,56939826,,,OMNIBUS,80358,14:56859468-56939826,0.9551,3.0,rs10142596|rs1300662|rs11158105,56859468
13.56,14,24.0,33801378,,,OMNIBUS,249453,14:33551925-33801378,0.9561,13.0,rs7145093|rs2152402|rs17538030|rs974002|rs10483423|rs4143873|rs17100283|rs6571585|rs912857|rs6571587|rs17555909|rs243303|rs1110867,33551925
2.052,14,7.0,49578405,,,OMNIBUS,78535,14:49499870-49578405,0.9569,5.0,rs1956099|rs12587149|rs10134114|rs1950605|rs971676,49499870
6.339,14,14.0,96360669,,,OMNIBUS,72352119,14:24008550-96360669,0.9572,14.0,rs3783438|rs10782485|rs8012206|rs2208663|rs911685|rs7148498|rs1748963|rs1748935|rs1743506|rs1748952|rs2369049|rs4905389|rs12879561|rs717952,24008550
3.737,14,10.0,27467145,,,OMNIBUS,173703,14:27293442-27467145,0.9584,6.0,rs10483324|rs4127782|rs1956061|rs978082|rs1028530|rs12433975,27293442
10.46,14,20.0,96260801,,,OMNIBUS,72252251,14:24008550-96260801,0.959,12.0,rs3783438|rs10782485|rs8012206|rs2208663|rs911685|rs7148498|rs1748963|rs1748935|rs1743506|rs1748952|rs2369049|rs4905389,24008550
1.499,14,6.0,67858153,,,OMNIBUS,1154584,14:66703569-67858153,0.9595,8.0,rs1434903|rs17182091|rs8014841|rs10135117|rs3784077|rs11158655|rs12588458|rs3784085,66703569
0.3018,14,3.0,26164609,,,OMNIBUS,14099,14:26150510-26164609,0.9597,2.0,rs12893752|rs1951039,26150510
1.497,14,6.0,67830856,,,OMNIBUS,1127287,14:66703569-67830856,0.9597,7.0,rs1434903|rs17182091|rs8014841|rs10135117|rs3784077|rs11158655|rs12588458,66703569
4.93,14,12.0,101214993,,,OMNIBUS,114407,14:101100586-101214993,0.9603,8.0,rs7144384|rs12883126|rs12892451|rs911337|rs4905995|rs10146962|rs1555406|rs2104070,101100586
0.2977,14,3.0,22158637,,,OMNIBUS,41742,14:22116895-22158637,0.9605,3.0,rs2049787|rs6571990|rs9323020,22116895
4.268,14,11.0,22354769,,,OMNIBUS,134200,14:22220569-22354769,0.9614,7.0,rs4982495|rs714618|rs1978024|rs2204955|rs876093|rs726976|rs2320065,22220569
10.31,14,20.0,24830850,,,OMNIBUS,280626,14:24550224-24830850,0.9622,10.0,rs3561|rs2277483|rs17184526|rs7158744|rs11627187|rs4568|rs2295307|rs3212247|rs3212243|rs1950500,24550224
3.0,14,9.0,49785233,,,OMNIBUS,445419,14:49339814-49785233,0.9643,4.0,rs4526940|rs7144137|rs12147817|rs4255712,49339814
3.53,14,10.0,48475235,,,OMNIBUS,78169,14:48397066-48475235,0.9661,5.0,rs7141615|rs2770390|rs712436|rs712450|rs11848655,48397066
8.704,14,18.0,71884567,,,OMNIBUS,236495,14:71648072-71884567,0.9662,7.0,rs917063|rs8005382|rs1000449|rs17767362|rs11623996|rs193444|rs12880291,71648072
0.9487,14,5.0,24287053,,,OMNIBUS,39343,14:24247710-24287053,0.9666,4.0,rs1958313|rs10483282|rs1952415|rs12435671,24247710
1.386,14,6.0,67671701,,,OMNIBUS,968132,14:66703569-67671701,0.9667,6.0,rs1434903|rs17182091|rs8014841|rs10135117|rs3784077|rs11158655,66703569
4.076,14,11.0,22340127,,,OMNIBUS,119558,14:22220569-22340127,0.9676,6.0,rs4982495|rs714618|rs1978024|rs2204955|rs876093|rs726976,22220569
7.264,14,16.0,71817538,,,OMNIBUS,169466,14:71648072-71817538,0.9678,6.0,rs917063|rs8005382|rs1000449|rs17767362|rs11623996|rs193444,71648072
1.843,14,7.0,33359973,,,OMNIBUS,66851,14:33293122-33359973,0.968,5.0,rs1051695|rs4261436|rs12894779|rs1955490|rs2891226,33293122
0.9281,14,5.0,69429313,,,OMNIBUS,111051,14:69318262-69429313,0.9682,3.0,rs8003722|rs181455|rs2268968,69318262
2.342,14,8.0,56341534,,,OMNIBUS,114202,14:56227332-56341534,0.9687,4.0,rs7143300|rs7142488|rs945272|rs17832497,56227332
0.9179,14,5.0,42187916,,,OMNIBUS,19023,14:42168893-42187916,0.9689,3.0,rs11157247|rs7143254|rs10149831,42168893
0.06231,14,2.0,92199713,,,OMNIBUS,8363,14:92191350-92199713,0.9693,2.0,rs3814837|rs7148745,92191350
4.621,14,12.0,22374399,,,OMNIBUS,153830,14:22220569-22374399,0.9695,8.0,rs4982495|rs714618|rs1978024|rs2204955|rs876093|rs726976|rs2320065|rs2874146,22220569
5.859,14,14.0,20677591,,,OMNIBUS,99347,14:20578244-20677591,0.9699,5.0,rs3939209|rs914073|rs4981809|rs10141836|rs9944095,20578244
0.0605,14,2.0,54302846,,,OMNIBUS,7197,14:54295649-54302846,0.9702,2.0,rs1958636|rs4901454,54295649
2.831,14,9.0,22337393,,,OMNIBUS,116824,14:22220569-22337393,0.9706,5.0,rs4982495|rs714618|rs1978024|rs2204955|rs876093,22220569
0.523,14,4.0,93372370,,,OMNIBUS,26505,14:93345865-93372370,0.9712,3.0,rs7159455|rs4905002|rs2402218,93345865
5.8,14,14.0,92752200,,,OMNIBUS,93190,14:92659010-92752200,0.9713,6.0,rs1241698|rs8005444|rs4904847|rs7150379|rs1806916|rs2025074,92659010
1.304,14,6.0,22307657,,,OMNIBUS,87088,14:22220569-22307657,0.9714,4.0,rs4982495|rs714618|rs1978024|rs2204955,22220569
1.75,14,7.0,92918793,,,OMNIBUS,55434,14:92863359-92918793,0.9724,3.0,rs7151174|rs4904900|rs7143416,92863359
0.05578,14,2.0,82657129,,,OMNIBUS,85285,14:82571844-82657129,0.9725,2.0,rs946605|rs17116436,82571844
10.43,14,21.0,22974256,,,OMNIBUS,182693,14:22791563-22974256,0.9728,10.0,rs2204990|rs4981423|rs3811244|rs3811240|rs2141988|rs2242545|rs1882705|rs2293732|rs226985|rs3811207,22791563
1.734,14,7.0,70415245,,,OMNIBUS,16353,14:70398892-70415245,0.9731,3.0,rs1276120|rs227398|rs7157956,70398892
1.26,14,6.0,78786159,,,OMNIBUS,111901,14:78674258-78786159,0.9738,3.0,rs760215|rs1882820|rs6574433,78674258
0.05292,14,2.0,33845322,,,OMNIBUS,5820,14:33839502-33845322,0.9739,2.0,rs17100828|rs10148795,33839502
0.2181,14,3.0,71659082,,,OMNIBUS,11010,14:71648072-71659082,0.9746,2.0,rs917063|rs8005382,71648072
6.188,14,15.0,33629623,,,OMNIBUS,77698,14:33551925-33629623,0.9764,7.0,rs7145093|rs2152402|rs17538030|rs974002|rs10483423|rs4143873|rs17100283,33551925
3.739,14,11.0,33619522,,,OMNIBUS,67597,14:33551925-33619522,0.9769,6.0,rs7145093|rs2152402|rs17538030|rs974002|rs10483423|rs4143873,33551925
0.04463,14,2.0,49341575,,,OMNIBUS,1761,14:49339814-49341575,0.9779,2.0,rs4526940|rs7144137,49339814
8.05,14,18.0,81444367,,,OMNIBUS,393932,14:81050435-81444367,0.9779,12.0,rs17110817|rs2044772|rs2619671|rs7157843|rs1470639|rs8018693|rs2619676|rs328239|rs1013890|rs2217177|rs179247|rs2284722,81050435
8.652,14,19.0,33636315,,,OMNIBUS,84390,14:33551925-33636315,0.9788,8.0,rs7145093|rs2152402|rs17538030|rs974002|rs10483423|rs4143873|rs17100283|rs6571585,33551925
7.982,14,18.0,71909854,,,OMNIBUS,261782,14:71648072-71909854,0.9789,8.0,rs917063|rs8005382|rs1000449|rs17767362|rs11623996|rs193444|rs12880291|rs12881957,71648072
0.1852,14,3.0,42171574,,,OMNIBUS,2681,14:42168893-42171574,0.9799,2.0,rs11157247|rs7143254,42168893
0.7498,14,5.0,33863165,,,OMNIBUS,23663,14:33839502-33863165,0.9801,3.0,rs17100828|rs10148795|rs10483440,33839502
8.478,14,19.0,76808676,,,OMNIBUS,69113,14:76739563-76808676,0.9812,6.0,rs7151982|rs4522353|rs1107599|rs2360992|rs11626073|rs755492,76739563
1.08,14,6.0,22297868,,,OMNIBUS,77299,14:22220569-22297868,0.9824,3.0,rs4982495|rs714618|rs1978024,22220569
7.713,14,18.0,76549752,,,OMNIBUS,582776,14:75966976-76549752,0.9826,10.0,rs175700|rs2080254|rs2300603|rs2160144|rs8021741|rs10483869|rs4903329|rs1184086|rs2303345|rs8536,75966976
9.676,14,21.0,96303927,,,OMNIBUS,72295377,14:24008550-96303927,0.9828,13.0,rs3783438|rs10782485|rs8012206|rs2208663|rs911685|rs7148498|rs1748963|rs1748935|rs1743506|rs1748952|rs2369049|rs4905389|rs12879561,24008550
9.601,14,21.0,22963646,,,OMNIBUS,172083,14:22791563-22963646,0.9836,9.0,rs2204990|rs4981423|rs3811244|rs3811240|rs2141988|rs2242545|rs1882705|rs2293732|rs226985,22791563
0.3823,14,4.0,56336645,,,OMNIBUS,109313,14:56227332-56336645,0.9839,3.0,rs7143300|rs7142488|rs945272,56227332
1.424,14,7.0,29076684,,,OMNIBUS,39947,14:29036737-29076684,0.9848,4.0,rs176294|rs12435853|rs4983306|rs2038420,29036737
0.1525,14,3.0,80007980,,,OMNIBUS,106697,14:79901283-80007980,0.9849,2.0,rs11625620|rs1424847,79901283
0.1452,14,3.0,21457048,,,OMNIBUS,23915,14:21433133-21457048,0.9859,2.0,rs2771324|rs2771342,21433133
1.825,14,8.0,42247483,,,OMNIBUS,78590,14:42168893-42247483,0.9859,4.0,rs11157247|rs7143254|rs10149831|rs17781403,42168893
0.9774,14,6.0,51446216,,,OMNIBUS,19889,14:51426327-51446216,0.9865,3.0,rs949633|rs9323201|rs2275462,51426327
9.229,14,21.0,53880063,,,OMNIBUS,374172,14:53505891-53880063,0.9873,10.0,rs2150541|rs7146135|rs1364597|rs2161944|rs877018|rs1255277|rs1959839|rs2185823|rs7152432|rs1959846,53505891
0.1332,14,3.0,32688214,,,OMNIBUS,52642,14:32635572-32688214,0.9876,2.0,rs7151991|rs2149663,32635572
3.655,14,12.0,92952680,,,OMNIBUS,89321,14:92863359-92952680,0.9889,4.0,rs7151174|rs4904900|rs7143416|rs7156885,92863359
7.038,14,18.0,76570562,,,OMNIBUS,603586,14:75966976-76570562,0.9898,11.0,rs175700|rs2080254|rs2300603|rs2160144|rs8021741|rs10483869|rs4903329|rs1184086|rs2303345|rs8536|rs741510,75966976
1.237,14,7.0,24391709,,,OMNIBUS,143999,14:24247710-24391709,0.99,6.0,rs1958313|rs10483282|rs1952415|rs12435671|rs10139382|rs1159372,24247710
0.01818,14,2.0,77598375,,,OMNIBUS,8192,14:77590183-77598375,0.9909,2.0,rs888066|rs2041822,77590183
0.8222,14,6.0,54320442,,,OMNIBUS,24793,14:54295649-54320442,0.9915,4.0,rs1958636|rs4901454|rs7148896|rs1958643,54295649
0.09784,14,3.0,54316607,,,OMNIBUS,20958,14:54295649-54316607,0.9921,3.0,rs1958636|rs4901454|rs7148896,54295649
3.862,14,13.0,42302552,,,OMNIBUS,133659,14:42168893-42302552,0.9926,5.0,rs11157247|rs7143254|rs10149831|rs17781403|rs1957863,42168893
1.453,14,8.0,33119893,,,OMNIBUS,78661,14:33041232-33119893,0.9935,5.0,rs1950702|rs12435734|rs768787|rs7157533|rs2180449,33041232
5.388,14,16.0,42328538,,,OMNIBUS,159645,14:42168893-42328538,0.9935,6.0,rs11157247|rs7143254|rs10149831|rs17781403|rs1957863|rs17181783,42168893
7.067,14,19.0,42546154,,,OMNIBUS,377261,14:42168893-42546154,0.9938,7.0,rs11157247|rs7143254|rs10149831|rs17781403|rs1957863|rs17181783|rs8007668,42168893
0.07561,14,3.0,35367889,,,OMNIBUS,20377,14:35347512-35367889,0.9946,2.0,rs1712355|rs1568199,35347512
0.9962,14,7.0,89381281,,,OMNIBUS,491744,14:88889537-89381281,0.9949,4.0,rs11846988|rs2116445|rs719572|rs1951341,88889537
0.03998,14,3.0,101952406,,,OMNIBUS,6798,14:101945608-101952406,0.9979,2.0,rs4906124|rs2144067,101945608
0.02512,14,3.0,48674062,,,OMNIBUS,92290,14:48581772-48674062,0.9989,2.0,rs8021638|rs2792572,48581772
4.828,14,20.0,92988495,,,OMNIBUS,125136,14:92863359-92988495,0.9998,5.0,rs7151174|rs4904900|rs7143416|rs7156885|rs7141239,92863359
10.7,14,34.0,93026057,,,OMNIBUS,162698,14:92863359-93026057,1.0,7.0,rs7151174|rs4904900|rs7143416|rs7156885|rs7141239|rs10498634|rs7156525,92863359
7.702,14,30.0,93005721,,,OMNIBUS,142362,14:92863359-93005721,1.0,6.0,rs7151174|rs4904900|rs7143416|rs7156885|rs7141239|rs10498634,92863359
